*****************************************************************
[1mCS 302 - Assignment #11
Gantt Analysis Project[0m

------------------------------------------------------------
Graph Information
   Project title: Test Graph
   Milestone Count: 6473
   Task Count: 20841364
   Source Milestone: 0
   Tasks/Milestones Ratio: 3219.737989
   Project Tasks Density: 0.994975

   Key Milestone: 6472, in-degree: 6434 tasks
   Node Point: 0, out-degree: 6439 tasks
   Independent Milestones
 6434 6435 6436 6437 6438 6439 6440 6441 6442 6443 6444 6445 6446 6447 6448 6449 6450 6451 6452 6453 6454 6455 6456 6457 6458 6459 6460 6461 6462 6463 6464 6465 6466 6467 6468 6469 6470 6471 6472

------------------------------------------------------------
Dependency Statistics (in-degree):
   Highest In-Degree: 6434
   Lowest In-Degree: 0
   Count of Highest Degree: 39
   Count of Lowest Degree: 33

Dependency Statistics (out-degree):
   Highest Out-Degree: 6439
   Lowest Out-Degree: 0
   Count of Highest Degree: 1
   Count of Lowest Degree: 38

------------------------------------------------------------
Topological Sort: 
 0 1 2 3 4 6 7 8 9 10 11 12 13 14 15 16 17 18 19 20 21 22 23 24 25 26 27 28 29 30 31 32 33 34 5 70 69 68 67 66 65 64 63 62 61 60 59 58 57 56 55 54 53 52 51 50 49 48 47 46 45 44 43 42 41 40 39 38 37 36 35 101 100 99 98 97 96 95 94 93 92 91 90 89 88 87 86 85 84 83 82 81 80 79 78 77 76 75 74 73 72 71 137 136 135 134 133 132 131 130 129 128 127 126 125 124 123 122 121 120 119 118 117 116 115 114 113 112 111 110 109 108 107 106 105 104 103 102 172 171 170 169 168 167 166 165 164 163 162 161 160 159 158 157 156 155 154 153 152 151 150 149 148 147 146 145 144 143 142 141 140 139 138 199 198 197 196 195 194 193 192 191 190 189 188 187 186 185 184 183 182 181 180 179 178 177 176 175 174 173 228 227 226 225 224 223 222 221 220 219 218 217 216 215 214 213 212 211 210 209 208 207 206 205 204 203 202 201 200 265 264 263 262 261 260 259 258 257 256 255 254 253 252 251 250 249 248 247 246 245 244 243 242 241 240 239 238 237 236 235 234 233 232 231 230 229 304 303 302 301 300 299 298 297 296 295 294 293 292 291 290 289 288 287 286 285 284 283 282 281 280 279 278 277 276 275 274 273 272 271 270 269 268 267 266 344 343 342 341 340 339 338 337 336 335 334 333 332 331 330 329 328 327 326 325 324 323 322 321 320 319 318 317 316 315 314 313 312 311 310 309 308 307 306 305 373 372 371 370 369 368 367 366 365 364 363 362 361 360 359 358 357 356 355 354 353 352 351 350 349 348 347 346 345 411 410 409 408 407 406 405 404 403 402 401 400 399 398 397 396 395 394 393 392 391 390 389 388 387 386 385 384 383 382 381 380 379 378 377 376 375 374 450 449 448 447 446 445 444 443 442 441 440 439 438 437 436 435 434 433 432 431 430 429 428 427 426 425 424 423 422 421 420 419 418 417 416 415 414 413 412 476 475 474 473 472 471 470 469 468 467 466 465 464 463 462 461 460 459 458 457 456 455 454 453 452 451 512 511 510 509 508 507 506 505 504 503 502 501 500 499 498 497 496 495 494 493 492 491 490 489 488 487 486 485 484 483 482 481 480 479 478 477 544 543 542 541 540 539 538 537 536 535 534 533 532 531 530 529 528 527 526 525 524 523 522 521 520 519 518 517 516 515 514 513 572 571 570 569 568 567 566 565 564 563 562 561 560 559 558 557 556 555 554 553 552 551 550 549 548 547 546 545 606 605 604 603 602 601 600 599 598 597 596 595 594 593 592 591 590 589 588 587 586 585 584 583 582 581 580 579 578 577 576 575 574 573 637 636 635 634 633 632 631 630 629 628 627 626 625 624 623 622 621 620 619 618 617 616 615 614 613 612 611 610 609 608 607 671 670 669 668 667 666 665 664 663 662 661 660 659 658 657 656 655 654 653 652 651 650 649 648 647 646 645 644 643 642 641 640 639 638 699 698 697 696 695 694 693 692 691 690 689 688 687 686 685 684 683 682 681 680 679 678 677 676 675 674 673 672 729 728 727 726 725 724 723 722 721 720 719 718 717 716 715 714 713 712 711 710 709 708 707 706 705 704 703 702 701 700 757 756 755 754 753 752 751 750 749 748 747 746 745 744 743 742 741 740 739 738 737 736 735 734 733 732 731 730 785 784 783 782 781 780 779 778 777 776 775 774 773 772 771 770 769 768 767 766 765 764 763 762 761 760 759 758 818 817 816 815 814 813 812 811 810 809 808 807 806 805 804 803 802 801 800 799 798 797 796 795 794 793 792 791 790 789 788 787 786 856 855 854 853 852 851 850 849 848 847 846 845 844 843 842 841 840 839 838 837 836 835 834 833 832 831 830 829 828 827 826 825 824 823 822 821 820 819 889 888 887 886 885 884 883 882 881 880 879 878 877 876 875 874 873 872 871 870 869 868 867 866 865 864 863 862 861 860 859 858 857 928 927 926 925 924 923 922 921 920 919 918 917 916 915 914 913 912 911 910 909 908 907 906 905 904 903 902 901 900 899 898 897 896 895 894 893 892 891 890 968 967 966 965 964 963 962 961 960 959 958 957 956 955 954 953 952 951 950 949 948 947 946 945 944 943 942 941 940 939 938 937 936 935 934 933 932 931 930 929 1002 1001 1000 999 998 997 996 995 994 993 992 991 990 989 988 987 986 985 984 983 982 981 980 979 978 977 976 975 974 973 972 971 970 969 1029 1028 1027 1026 1025 1024 1023 1022 1021 1020 1019 1018 1017 1016 1015 1014 1013 1012 1011 1010 1009 1008 1007 1006 1005 1004 1003 1059 1058 1057 1056 1055 1054 1053 1052 1051 1050 1049 1048 1047 1046 1045 1044 1043 1042 1041 1040 1039 1038 1037 1036 1035 1034 1033 1032 1031 1030 1084 1083 1082 1081 1080 1079 1078 1077 1076 1075 1074 1073 1072 1071 1070 1069 1068 1067 1066 1065 1064 1063 1062 1061 1060 1112 1111 1110 1109 1108 1107 1106 1105 1104 1103 1102 1101 1100 1099 1098 1097 1096 1095 1094 1093 1092 1091 1090 1089 1088 1087 1086 1085 1151 1150 1149 1148 1147 1146 1145 1144 1143 1142 1141 1140 1139 1138 1137 1136 1135 1134 1133 1132 1131 1130 1129 1128 1127 1126 1125 1124 1123 1122 1121 1120 1119 1118 1117 1116 1115 1114 1113 1190 1189 1188 1187 1186 1185 1184 1183 1182 1181 1180 1179 1178 1177 1176 1175 1174 1173 1172 1171 1170 1169 1168 1167 1166 1165 1164 1163 1162 1161 1160 1159 1158 1157 1156 1155 1154 1153 1152 1221 1220 1219 1218 1217 1216 1215 1214 1213 1212 1211 1210 1209 1208 1207 1206 1205 1204 1203 1202 1201 1200 1199 1198 1197 1196 1195 1194 1193 1192 1191 1254 1253 1252 1251 1250 1249 1248 1247 1246 1245 1244 1243 1242 1241 1240 1239 1238 1237 1236 1235 1234 1233 1232 1231 1230 1229 1228 1227 1226 1225 1224 1223 1222 1287 1286 1285 1284 1283 1282 1281 1280 1279 1278 1277 1276 1275 1274 1273 1272 1271 1270 1269 1268 1267 1266 1265 1264 1263 1262 1261 1260 1259 1258 1257 1256 1255 1314 1313 1312 1311 1310 1309 1308 1307 1306 1305 1304 1303 1302 1301 1300 1299 1298 1297 1296 1295 1294 1293 1292 1291 1290 1289 1288 1339 1338 1337 1336 1335 1334 1333 1332 1331 1330 1329 1328 1327 1326 1325 1324 1323 1322 1321 1320 1319 1318 1317 1316 1315 1379 1378 1377 1376 1375 1374 1373 1372 1371 1370 1369 1368 1367 1366 1365 1364 1363 1362 1361 1360 1359 1358 1357 1356 1355 1354 1353 1352 1351 1350 1349 1348 1347 1346 1345 1344 1343 1342 1341 1340 1418 1417 1416 1415 1414 1413 1412 1411 1410 1409 1408 1407 1406 1405 1404 1403 1402 1401 1400 1399 1398 1397 1396 1395 1394 1393 1392 1391 1390 1389 1388 1387 1386 1385 1384 1383 1382 1381 1380 1449 1448 1447 1446 1445 1444 1443 1442 1441 1440 1439 1438 1437 1436 1435 1434 1433 1432 1431 1430 1429 1428 1427 1426 1425 1424 1423 1422 1421 1420 1419 1477 1476 1475 1474 1473 1472 1471 1470 1469 1468 1467 1466 1465 1464 1463 1462 1461 1460 1459 1458 1457 1456 1455 1454 1453 1452 1451 1450 1511 1510 1509 1508 1507 1506 1505 1504 1503 1502 1501 1500 1499 1498 1497 1496 1495 1494 1493 1492 1491 1490 1489 1488 1487 1486 1485 1484 1483 1482 1481 1480 1479 1478 1542 1541 1540 1539 1538 1537 1536 1535 1534 1533 1532 1531 1530 1529 1528 1527 1526 1525 1524 1523 1522 1521 1520 1519 1518 1517 1516 1515 1514 1513 1512 1573 1572 1571 1570 1569 1568 1567 1566 1565 1564 1563 1562 1561 1560 1559 1558 1557 1556 1555 1554 1553 1552 1551 1550 1549 1548 1547 1546 1545 1544 1543 1601 1600 1599 1598 1597 1596 1595 1594 1593 1592 1591 1590 1589 1588 1587 1586 1585 1584 1583 1582 1581 1580 1579 1578 1577 1576 1575 1574 1637 1636 1635 1634 1633 1632 1631 1630 1629 1628 1627 1626 1625 1624 1623 1622 1621 1620 1619 1618 1617 1616 1615 1614 1613 1612 1611 1610 1609 1608 1607 1606 1605 1604 1603 1602 1663 1662 1661 1660 1659 1658 1657 1656 1655 1654 1653 1652 1651 1650 1649 1648 1647 1646 1645 1644 1643 1642 1641 1640 1639 1638 1700 1699 1698 1697 1696 1695 1694 1693 1692 1691 1690 1689 1688 1687 1686 1685 1684 1683 1682 1681 1680 1679 1678 1677 1676 1675 1674 1673 1672 1671 1670 1669 1668 1667 1666 1665 1664 1740 1739 1738 1737 1736 1735 1734 1733 1732 1731 1730 1729 1728 1727 1726 1725 1724 1723 1722 1721 1720 1719 1718 1717 1716 1715 1714 1713 1712 1711 1710 1709 1708 1707 1706 1705 1704 1703 1702 1701 1770 1769 1768 1767 1766 1765 1764 1763 1762 1761 1760 1759 1758 1757 1756 1755 1754 1753 1752 1751 1750 1749 1748 1747 1746 1745 1744 1743 1742 1741 1810 1809 1808 1807 1806 1805 1804 1803 1802 1801 1800 1799 1798 1797 1796 1795 1794 1793 1792 1791 1790 1789 1788 1787 1786 1785 1784 1783 1782 1781 1780 1779 1778 1777 1776 1775 1774 1773 1772 1771 1843 1842 1841 1840 1839 1838 1837 1836 1835 1834 1833 1832 1831 1830 1829 1828 1827 1826 1825 1824 1823 1822 1821 1820 1819 1818 1817 1816 1815 1814 1813 1812 1811 1879 1878 1877 1876 1875 1874 1873 1872 1871 1870 1869 1868 1867 1866 1865 1864 1863 1862 1861 1860 1859 1858 1857 1856 1855 1854 1853 1852 1851 1850 1849 1848 1847 1846 1845 1844 1904 1903 1902 1901 1900 1899 1898 1897 1896 1895 1894 1893 1892 1891 1890 1889 1888 1887 1886 1885 1884 1883 1882 1881 1880 1931 1930 1929 1928 1927 1926 1925 1924 1923 1922 1921 1920 1919 1918 1917 1916 1915 1914 1913 1912 1911 1910 1909 1908 1907 1906 1905 1965 1964 1963 1962 1961 1960 1959 1958 1957 1956 1955 1954 1953 1952 1951 1950 1949 1948 1947 1946 1945 1944 1943 1942 1941 1940 1939 1938 1937 1936 1935 1934 1933 1932 2005 2004 2003 2002 2001 2000 1999 1998 1997 1996 1995 1994 1993 1992 1991 1990 1989 1988 1987 1986 1985 1984 1983 1982 1981 1980 1979 1978 1977 1976 1975 1974 1973 1972 1971 1970 1969 1968 1967 1966 2032 2031 2030 2029 2028 2027 2026 2025 2024 2023 2022 2021 2020 2019 2018 2017 2016 2015 2014 2013 2012 2011 2010 2009 2008 2007 2006 2071 2070 2069 2068 2067 2066 2065 2064 2063 2062 2061 2060 2059 2058 2057 2056 2055 2054 2053 2052 2051 2050 2049 2048 2047 2046 2045 2044 2043 2042 2041 2040 2039 2038 2037 2036 2035 2034 2033 2103 2102 2101 2100 2099 2098 2097 2096 2095 2094 2093 2092 2091 2090 2089 2088 2087 2086 2085 2084 2083 2082 2081 2080 2079 2078 2077 2076 2075 2074 2073 2072 2128 2127 2126 2125 2124 2123 2122 2121 2120 2119 2118 2117 2116 2115 2114 2113 2112 2111 2110 2109 2108 2107 2106 2105 2104 2163 2162 2161 2160 2159 2158 2157 2156 2155 2154 2153 2152 2151 2150 2149 2148 2147 2146 2145 2144 2143 2142 2141 2140 2139 2138 2137 2136 2135 2134 2133 2132 2131 2130 2129 2194 2193 2192 2191 2190 2189 2188 2187 2186 2185 2184 2183 2182 2181 2180 2179 2178 2177 2176 2175 2174 2173 2172 2171 2170 2169 2168 2167 2166 2165 2164 2227 2226 2225 2224 2223 2222 2221 2220 2219 2218 2217 2216 2215 2214 2213 2212 2211 2210 2209 2208 2207 2206 2205 2204 2203 2202 2201 2200 2199 2198 2197 2196 2195 2259 2258 2257 2256 2255 2254 2253 2252 2251 2250 2249 2248 2247 2246 2245 2244 2243 2242 2241 2240 2239 2238 2237 2236 2235 2234 2233 2232 2231 2230 2229 2228 2291 2290 2289 2288 2287 2286 2285 2284 2283 2282 2281 2280 2279 2278 2277 2276 2275 2274 2273 2272 2271 2270 2269 2268 2267 2266 2265 2264 2263 2262 2261 2260 2324 2323 2322 2321 2320 2319 2318 2317 2316 2315 2314 2313 2312 2311 2310 2309 2308 2307 2306 2305 2304 2303 2302 2301 2300 2299 2298 2297 2296 2295 2294 2293 2292 2352 2351 2350 2349 2348 2347 2346 2345 2344 2343 2342 2341 2340 2339 2338 2337 2336 2335 2334 2333 2332 2331 2330 2329 2328 2327 2326 2325 2391 2390 2389 2388 2387 2386 2385 2384 2383 2382 2381 2380 2379 2378 2377 2376 2375 2374 2373 2372 2371 2370 2369 2368 2367 2366 2365 2364 2363 2362 2361 2360 2359 2358 2357 2356 2355 2354 2353 2423 2422 2421 2420 2419 2418 2417 2416 2415 2414 2413 2412 2411 2410 2409 2408 2407 2406 2405 2404 2403 2402 2401 2400 2399 2398 2397 2396 2395 2394 2393 2392 2454 2453 2452 2451 2450 2449 2448 2447 2446 2445 2444 2443 2442 2441 2440 2439 2438 2437 2436 2435 2434 2433 2432 2431 2430 2429 2428 2427 2426 2425 2424 2487 2486 2485 2484 2483 2482 2481 2480 2479 2478 2477 2476 2475 2474 2473 2472 2471 2470 2469 2468 2467 2466 2465 2464 2463 2462 2461 2460 2459 2458 2457 2456 2455 2521 2520 2519 2518 2517 2516 2515 2514 2513 2512 2511 2510 2509 2508 2507 2506 2505 2504 2503 2502 2501 2500 2499 2498 2497 2496 2495 2494 2493 2492 2491 2490 2489 2488 2559 2558 2557 2556 2555 2554 2553 2552 2551 2550 2549 2548 2547 2546 2545 2544 2543 2542 2541 2540 2539 2538 2537 2536 2535 2534 2533 2532 2531 2530 2529 2528 2527 2526 2525 2524 2523 2522 2585 2584 2583 2582 2581 2580 2579 2578 2577 2576 2575 2574 2573 2572 2571 2570 2569 2568 2567 2566 2565 2564 2563 2562 2561 2560 2624 2623 2622 2621 2620 2619 2618 2617 2616 2615 2614 2613 2612 2611 2610 2609 2608 2607 2606 2605 2604 2603 2602 2601 2600 2599 2598 2597 2596 2595 2594 2593 2592 2591 2590 2589 2588 2587 2586 2655 2654 2653 2652 2651 2650 2649 2648 2647 2646 2645 2644 2643 2642 2641 2640 2639 2638 2637 2636 2635 2634 2633 2632 2631 2630 2629 2628 2627 2626 2625 2695 2694 2693 2692 2691 2690 2689 2688 2687 2686 2685 2684 2683 2682 2681 2680 2679 2678 2677 2676 2675 2674 2673 2672 2671 2670 2669 2668 2667 2666 2665 2664 2663 2662 2661 2660 2659 2658 2657 2656 2730 2729 2728 2727 2726 2725 2724 2723 2722 2721 2720 2719 2718 2717 2716 2715 2714 2713 2712 2711 2710 2709 2708 2707 2706 2705 2704 2703 2702 2701 2700 2699 2698 2697 2696 2769 2768 2767 2766 2765 2764 2763 2762 2761 2760 2759 2758 2757 2756 2755 2754 2753 2752 2751 2750 2749 2748 2747 2746 2745 2744 2743 2742 2741 2740 2739 2738 2737 2736 2735 2734 2733 2732 2731 2794 2793 2792 2791 2790 2789 2788 2787 2786 2785 2784 2783 2782 2781 2780 2779 2778 2777 2776 2775 2774 2773 2772 2771 2770 2824 2823 2822 2821 2820 2819 2818 2817 2816 2815 2814 2813 2812 2811 2810 2809 2808 2807 2806 2805 2804 2803 2802 2801 2800 2799 2798 2797 2796 2795 2858 2857 2856 2855 2854 2853 2852 2851 2850 2849 2848 2847 2846 2845 2844 2843 2842 2841 2840 2839 2838 2837 2836 2835 2834 2833 2832 2831 2830 2829 2828 2827 2826 2825 2898 2897 2896 2895 2894 2893 2892 2891 2890 2889 2888 2887 2886 2885 2884 2883 2882 2881 2880 2879 2878 2877 2876 2875 2874 2873 2872 2871 2870 2869 2868 2867 2866 2865 2864 2863 2862 2861 2860 2859 2930 2929 2928 2927 2926 2925 2924 2923 2922 2921 2920 2919 2918 2917 2916 2915 2914 2913 2912 2911 2910 2909 2908 2907 2906 2905 2904 2903 2902 2901 2900 2899 2959 2958 2957 2956 2955 2954 2953 2952 2951 2950 2949 2948 2947 2946 2945 2944 2943 2942 2941 2940 2939 2938 2937 2936 2935 2934 2933 2932 2931 2990 2989 2988 2987 2986 2985 2984 2983 2982 2981 2980 2979 2978 2977 2976 2975 2974 2973 2972 2971 2970 2969 2968 2967 2966 2965 2964 2963 2962 2961 2960 3016 3015 3014 3013 3012 3011 3010 3009 3008 3007 3006 3005 3004 3003 3002 3001 3000 2999 2998 2997 2996 2995 2994 2993 2992 2991 3045 3044 3043 3042 3041 3040 3039 3038 3037 3036 3035 3034 3033 3032 3031 3030 3029 3028 3027 3026 3025 3024 3023 3022 3021 3020 3019 3018 3017 3080 3079 3078 3077 3076 3075 3074 3073 3072 3071 3070 3069 3068 3067 3066 3065 3064 3063 3062 3061 3060 3059 3058 3057 3056 3055 3054 3053 3052 3051 3050 3049 3048 3047 3046 3105 3104 3103 3102 3101 3100 3099 3098 3097 3096 3095 3094 3093 3092 3091 3090 3089 3088 3087 3086 3085 3084 3083 3082 3081 3139 3138 3137 3136 3135 3134 3133 3132 3131 3130 3129 3128 3127 3126 3125 3124 3123 3122 3121 3120 3119 3118 3117 3116 3115 3114 3113 3112 3111 3110 3109 3108 3107 3106 3175 3174 3173 3172 3171 3170 3169 3168 3167 3166 3165 3164 3163 3162 3161 3160 3159 3158 3157 3156 3155 3154 3153 3152 3151 3150 3149 3148 3147 3146 3145 3144 3143 3142 3141 3140 3201 3200 3199 3198 3197 3196 3195 3194 3193 3192 3191 3190 3189 3188 3187 3186 3185 3184 3183 3182 3181 3180 3179 3178 3177 3176 3240 3239 3238 3237 3236 3235 3234 3233 3232 3231 3230 3229 3228 3227 3226 3225 3224 3223 3222 3221 3220 3219 3218 3217 3216 3215 3214 3213 3212 3211 3210 3209 3208 3207 3206 3205 3204 3203 3202 3267 3266 3265 3264 3263 3262 3261 3260 3259 3258 3257 3256 3255 3254 3253 3252 3251 3250 3249 3248 3247 3246 3245 3244 3243 3242 3241 3301 3300 3299 3298 3297 3296 3295 3294 3293 3292 3291 3290 3289 3288 3287 3286 3285 3284 3283 3282 3281 3280 3279 3278 3277 3276 3275 3274 3273 3272 3271 3270 3269 3268 3334 3333 3332 3331 3330 3329 3328 3327 3326 3325 3324 3323 3322 3321 3320 3319 3318 3317 3316 3315 3314 3313 3312 3311 3310 3309 3308 3307 3306 3305 3304 3303 3302 3374 3373 3372 3371 3370 3369 3368 3367 3366 3365 3364 3363 3362 3361 3360 3359 3358 3357 3356 3355 3354 3353 3352 3351 3350 3349 3348 3347 3346 3345 3344 3343 3342 3341 3340 3339 3338 3337 3336 3335 3404 3403 3402 3401 3400 3399 3398 3397 3396 3395 3394 3393 3392 3391 3390 3389 3388 3387 3386 3385 3384 3383 3382 3381 3380 3379 3378 3377 3376 3375 3439 3438 3437 3436 3435 3434 3433 3432 3431 3430 3429 3428 3427 3426 3425 3424 3423 3422 3421 3420 3419 3418 3417 3416 3415 3414 3413 3412 3411 3410 3409 3408 3407 3406 3405 3472 3471 3470 3469 3468 3467 3466 3465 3464 3463 3462 3461 3460 3459 3458 3457 3456 3455 3454 3453 3452 3451 3450 3449 3448 3447 3446 3445 3444 3443 3442 3441 3440 3506 3505 3504 3503 3502 3501 3500 3499 3498 3497 3496 3495 3494 3493 3492 3491 3490 3489 3488 3487 3486 3485 3484 3483 3482 3481 3480 3479 3478 3477 3476 3475 3474 3473 3546 3545 3544 3543 3542 3541 3540 3539 3538 3537 3536 3535 3534 3533 3532 3531 3530 3529 3528 3527 3526 3525 3524 3523 3522 3521 3520 3519 3518 3517 3516 3515 3514 3513 3512 3511 3510 3509 3508 3507 3574 3573 3572 3571 3570 3569 3568 3567 3566 3565 3564 3563 3562 3561 3560 3559 3558 3557 3556 3555 3554 3553 3552 3551 3550 3549 3548 3547 3610 3609 3608 3607 3606 3605 3604 3603 3602 3601 3600 3599 3598 3597 3596 3595 3594 3593 3592 3591 3590 3589 3588 3587 3586 3585 3584 3583 3582 3581 3580 3579 3578 3577 3576 3575 3635 3634 3633 3632 3631 3630 3629 3628 3627 3626 3625 3624 3623 3622 3621 3620 3619 3618 3617 3616 3615 3614 3613 3612 3611 3663 3662 3661 3660 3659 3658 3657 3656 3655 3654 3653 3652 3651 3650 3649 3648 3647 3646 3645 3644 3643 3642 3641 3640 3639 3638 3637 3636 3699 3698 3697 3696 3695 3694 3693 3692 3691 3690 3689 3688 3687 3686 3685 3684 3683 3682 3681 3680 3679 3678 3677 3676 3675 3674 3673 3672 3671 3670 3669 3668 3667 3666 3665 3664 3739 3738 3737 3736 3735 3734 3733 3732 3731 3730 3729 3728 3727 3726 3725 3724 3723 3722 3721 3720 3719 3718 3717 3716 3715 3714 3713 3712 3711 3710 3709 3708 3707 3706 3705 3704 3703 3702 3701 3700 3773 3772 3771 3770 3769 3768 3767 3766 3765 3764 3763 3762 3761 3760 3759 3758 3757 3756 3755 3754 3753 3752 3751 3750 3749 3748 3747 3746 3745 3744 3743 3742 3741 3740 3801 3800 3799 3798 3797 3796 3795 3794 3793 3792 3791 3790 3789 3788 3787 3786 3785 3784 3783 3782 3781 3780 3779 3778 3777 3776 3775 3774 3835 3834 3833 3832 3831 3830 3829 3828 3827 3826 3825 3824 3823 3822 3821 3820 3819 3818 3817 3816 3815 3814 3813 3812 3811 3810 3809 3808 3807 3806 3805 3804 3803 3802 3866 3865 3864 3863 3862 3861 3860 3859 3858 3857 3856 3855 3854 3853 3852 3851 3850 3849 3848 3847 3846 3845 3844 3843 3842 3841 3840 3839 3838 3837 3836 3892 3891 3890 3889 3888 3887 3886 3885 3884 3883 3882 3881 3880 3879 3878 3877 3876 3875 3874 3873 3872 3871 3870 3869 3868 3867 3917 3916 3915 3914 3913 3912 3911 3910 3909 3908 3907 3906 3905 3904 3903 3902 3901 3900 3899 3898 3897 3896 3895 3894 3893 3942 3941 3940 3939 3938 3937 3936 3935 3934 3933 3932 3931 3930 3929 3928 3927 3926 3925 3924 3923 3922 3921 3920 3919 3918 3974 3973 3972 3971 3970 3969 3968 3967 3966 3965 3964 3963 3962 3961 3960 3959 3958 3957 3956 3955 3954 3953 3952 3951 3950 3949 3948 3947 3946 3945 3944 3943 4002 4001 4000 3999 3998 3997 3996 3995 3994 3993 3992 3991 3990 3989 3988 3987 3986 3985 3984 3983 3982 3981 3980 3979 3978 3977 3976 3975 4035 4034 4033 4032 4031 4030 4029 4028 4027 4026 4025 4024 4023 4022 4021 4020 4019 4018 4017 4016 4015 4014 4013 4012 4011 4010 4009 4008 4007 4006 4005 4004 4003 4072 4071 4070 4069 4068 4067 4066 4065 4064 4063 4062 4061 4060 4059 4058 4057 4056 4055 4054 4053 4052 4051 4050 4049 4048 4047 4046 4045 4044 4043 4042 4041 4040 4039 4038 4037 4036 4109 4108 4107 4106 4105 4104 4103 4102 4101 4100 4099 4098 4097 4096 4095 4094 4093 4092 4091 4090 4089 4088 4087 4086 4085 4084 4083 4082 4081 4080 4079 4078 4077 4076 4075 4074 4073 4147 4146 4145 4144 4143 4142 4141 4140 4139 4138 4137 4136 4135 4134 4133 4132 4131 4130 4129 4128 4127 4126 4125 4124 4123 4122 4121 4120 4119 4118 4117 4116 4115 4114 4113 4112 4111 4110 4178 4177 4176 4175 4174 4173 4172 4171 4170 4169 4168 4167 4166 4165 4164 4163 4162 4161 4160 4159 4158 4157 4156 4155 4154 4153 4152 4151 4150 4149 4148 4211 4210 4209 4208 4207 4206 4205 4204 4203 4202 4201 4200 4199 4198 4197 4196 4195 4194 4193 4192 4191 4190 4189 4188 4187 4186 4185 4184 4183 4182 4181 4180 4179 4243 4242 4241 4240 4239 4238 4237 4236 4235 4234 4233 4232 4231 4230 4229 4228 4227 4226 4225 4224 4223 4222 4221 4220 4219 4218 4217 4216 4215 4214 4213 4212 4283 4282 4281 4280 4279 4278 4277 4276 4275 4274 4273 4272 4271 4270 4269 4268 4267 4266 4265 4264 4263 4262 4261 4260 4259 4258 4257 4256 4255 4254 4253 4252 4251 4250 4249 4248 4247 4246 4245 4244 4318 4317 4316 4315 4314 4313 4312 4311 4310 4309 4308 4307 4306 4305 4304 4303 4302 4301 4300 4299 4298 4297 4296 4295 4294 4293 4292 4291 4290 4289 4288 4287 4286 4285 4284 4346 4345 4344 4343 4342 4341 4340 4339 4338 4337 4336 4335 4334 4333 4332 4331 4330 4329 4328 4327 4326 4325 4324 4323 4322 4321 4320 4319 4379 4378 4377 4376 4375 4374 4373 4372 4371 4370 4369 4368 4367 4366 4365 4364 4363 4362 4361 4360 4359 4358 4357 4356 4355 4354 4353 4352 4351 4350 4349 4348 4347 4409 4408 4407 4406 4405 4404 4403 4402 4401 4400 4399 4398 4397 4396 4395 4394 4393 4392 4391 4390 4389 4388 4387 4386 4385 4384 4383 4382 4381 4380 4446 4445 4444 4443 4442 4441 4440 4439 4438 4437 4436 4435 4434 4433 4432 4431 4430 4429 4428 4427 4426 4425 4424 4423 4422 4421 4420 4419 4418 4417 4416 4415 4414 4413 4412 4411 4410 4481 4480 4479 4478 4477 4476 4475 4474 4473 4472 4471 4470 4469 4468 4467 4466 4465 4464 4463 4462 4461 4460 4459 4458 4457 4456 4455 4454 4453 4452 4451 4450 4449 4448 4447 4506 4505 4504 4503 4502 4501 4500 4499 4498 4497 4496 4495 4494 4493 4492 4491 4490 4489 4488 4487 4486 4485 4484 4483 4482 4540 4539 4538 4537 4536 4535 4534 4533 4532 4531 4530 4529 4528 4527 4526 4525 4524 4523 4522 4521 4520 4519 4518 4517 4516 4515 4514 4513 4512 4511 4510 4509 4508 4507 4569 4568 4567 4566 4565 4564 4563 4562 4561 4560 4559 4558 4557 4556 4555 4554 4553 4552 4551 4550 4549 4548 4547 4546 4545 4544 4543 4542 4541 4609 4608 4607 4606 4605 4604 4603 4602 4601 4600 4599 4598 4597 4596 4595 4594 4593 4592 4591 4590 4589 4588 4587 4586 4585 4584 4583 4582 4581 4580 4579 4578 4577 4576 4575 4574 4573 4572 4571 4570 4649 4648 4647 4646 4645 4644 4643 4642 4641 4640 4639 4638 4637 4636 4635 4634 4633 4632 4631 4630 4629 4628 4627 4626 4625 4624 4623 4622 4621 4620 4619 4618 4617 4616 4615 4614 4613 4612 4611 4610 4678 4677 4676 4675 4674 4673 4672 4671 4670 4669 4668 4667 4666 4665 4664 4663 4662 4661 4660 4659 4658 4657 4656 4655 4654 4653 4652 4651 4650 4704 4703 4702 4701 4700 4699 4698 4697 4696 4695 4694 4693 4692 4691 4690 4689 4688 4687 4686 4685 4684 4683 4682 4681 4680 4679 4733 4732 4731 4730 4729 4728 4727 4726 4725 4724 4723 4722 4721 4720 4719 4718 4717 4716 4715 4714 4713 4712 4711 4710 4709 4708 4707 4706 4705 4764 4763 4762 4761 4760 4759 4758 4757 4756 4755 4754 4753 4752 4751 4750 4749 4748 4747 4746 4745 4744 4743 4742 4741 4740 4739 4738 4737 4736 4735 4734 4796 4795 4794 4793 4792 4791 4790 4789 4788 4787 4786 4785 4784 4783 4782 4781 4780 4779 4778 4777 4776 4775 4774 4773 4772 4771 4770 4769 4768 4767 4766 4765 4821 4820 4819 4818 4817 4816 4815 4814 4813 4812 4811 4810 4809 4808 4807 4806 4805 4804 4803 4802 4801 4800 4799 4798 4797 4849 4848 4847 4846 4845 4844 4843 4842 4841 4840 4839 4838 4837 4836 4835 4834 4833 4832 4831 4830 4829 4828 4827 4826 4825 4824 4823 4822 4887 4886 4885 4884 4883 4882 4881 4880 4879 4878 4877 4876 4875 4874 4873 4872 4871 4870 4869 4868 4867 4866 4865 4864 4863 4862 4861 4860 4859 4858 4857 4856 4855 4854 4853 4852 4851 4850 4927 4926 4925 4924 4923 4922 4921 4920 4919 4918 4917 4916 4915 4914 4913 4912 4911 4910 4909 4908 4907 4906 4905 4904 4903 4902 4901 4900 4899 4898 4897 4896 4895 4894 4893 4892 4891 4890 4889 4888 4953 4952 4951 4950 4949 4948 4947 4946 4945 4944 4943 4942 4941 4940 4939 4938 4937 4936 4935 4934 4933 4932 4931 4930 4929 4928 4987 4986 4985 4984 4983 4982 4981 4980 4979 4978 4977 4976 4975 4974 4973 4972 4971 4970 4969 4968 4967 4966 4965 4964 4963 4962 4961 4960 4959 4958 4957 4956 4955 4954 5024 5023 5022 5021 5020 5019 5018 5017 5016 5015 5014 5013 5012 5011 5010 5009 5008 5007 5006 5005 5004 5003 5002 5001 5000 4999 4998 4997 4996 4995 4994 4993 4992 4991 4990 4989 4988 5063 5062 5061 5060 5059 5058 5057 5056 5055 5054 5053 5052 5051 5050 5049 5048 5047 5046 5045 5044 5043 5042 5041 5040 5039 5038 5037 5036 5035 5034 5033 5032 5031 5030 5029 5028 5027 5026 5025 5101 5100 5099 5098 5097 5096 5095 5094 5093 5092 5091 5090 5089 5088 5087 5086 5085 5084 5083 5082 5081 5080 5079 5078 5077 5076 5075 5074 5073 5072 5071 5070 5069 5068 5067 5066 5065 5064 5141 5140 5139 5138 5137 5136 5135 5134 5133 5132 5131 5130 5129 5128 5127 5126 5125 5124 5123 5122 5121 5120 5119 5118 5117 5116 5115 5114 5113 5112 5111 5110 5109 5108 5107 5106 5105 5104 5103 5102 5174 5173 5172 5171 5170 5169 5168 5167 5166 5165 5164 5163 5162 5161 5160 5159 5158 5157 5156 5155 5154 5153 5152 5151 5150 5149 5148 5147 5146 5145 5144 5143 5142 5206 5205 5204 5203 5202 5201 5200 5199 5198 5197 5196 5195 5194 5193 5192 5191 5190 5189 5188 5187 5186 5185 5184 5183 5182 5181 5180 5179 5178 5177 5176 5175 5232 5231 5230 5229 5228 5227 5226 5225 5224 5223 5222 5221 5220 5219 5218 5217 5216 5215 5214 5213 5212 5211 5210 5209 5208 5207 5257 5256 5255 5254 5253 5252 5251 5250 5249 5248 5247 5246 5245 5244 5243 5242 5241 5240 5239 5238 5237 5236 5235 5234 5233 5297 5296 5295 5294 5293 5292 5291 5290 5289 5288 5287 5286 5285 5284 5283 5282 5281 5280 5279 5278 5277 5276 5275 5274 5273 5272 5271 5270 5269 5268 5267 5266 5265 5264 5263 5262 5261 5260 5259 5258 5333 5332 5331 5330 5329 5328 5327 5326 5325 5324 5323 5322 5321 5320 5319 5318 5317 5316 5315 5314 5313 5312 5311 5310 5309 5308 5307 5306 5305 5304 5303 5302 5301 5300 5299 5298 5361 5360 5359 5358 5357 5356 5355 5354 5353 5352 5351 5350 5349 5348 5347 5346 5345 5344 5343 5342 5341 5340 5339 5338 5337 5336 5335 5334 5389 5388 5387 5386 5385 5384 5383 5382 5381 5380 5379 5378 5377 5376 5375 5374 5373 5372 5371 5370 5369 5368 5367 5366 5365 5364 5363 5362 5427 5426 5425 5424 5423 5422 5421 5420 5419 5418 5417 5416 5415 5414 5413 5412 5411 5410 5409 5408 5407 5406 5405 5404 5403 5402 5401 5400 5399 5398 5397 5396 5395 5394 5393 5392 5391 5390 5466 5465 5464 5463 5462 5461 5460 5459 5458 5457 5456 5455 5454 5453 5452 5451 5450 5449 5448 5447 5446 5445 5444 5443 5442 5441 5440 5439 5438 5437 5436 5435 5434 5433 5432 5431 5430 5429 5428 5498 5497 5496 5495 5494 5493 5492 5491 5490 5489 5488 5487 5486 5485 5484 5483 5482 5481 5480 5479 5478 5477 5476 5475 5474 5473 5472 5471 5470 5469 5468 5467 5529 5528 5527 5526 5525 5524 5523 5522 5521 5520 5519 5518 5517 5516 5515 5514 5513 5512 5511 5510 5509 5508 5507 5506 5505 5504 5503 5502 5501 5500 5499 5564 5563 5562 5561 5560 5559 5558 5557 5556 5555 5554 5553 5552 5551 5550 5549 5548 5547 5546 5545 5544 5543 5542 5541 5540 5539 5538 5537 5536 5535 5534 5533 5532 5531 5530 5593 5592 5591 5590 5589 5588 5587 5586 5585 5584 5583 5582 5581 5580 5579 5578 5577 5576 5575 5574 5573 5572 5571 5570 5569 5568 5567 5566 5565 5625 5624 5623 5622 5621 5620 5619 5618 5617 5616 5615 5614 5613 5612 5611 5610 5609 5608 5607 5606 5605 5604 5603 5602 5601 5600 5599 5598 5597 5596 5595 5594 5658 5657 5656 5655 5654 5653 5652 5651 5650 5649 5648 5647 5646 5645 5644 5643 5642 5641 5640 5639 5638 5637 5636 5635 5634 5633 5632 5631 5630 5629 5628 5627 5626 5688 5687 5686 5685 5684 5683 5682 5681 5680 5679 5678 5677 5676 5675 5674 5673 5672 5671 5670 5669 5668 5667 5666 5665 5664 5663 5662 5661 5660 5659 5719 5718 5717 5716 5715 5714 5713 5712 5711 5710 5709 5708 5707 5706 5705 5704 5703 5702 5701 5700 5699 5698 5697 5696 5695 5694 5693 5692 5691 5690 5689 5751 5750 5749 5748 5747 5746 5745 5744 5743 5742 5741 5740 5739 5738 5737 5736 5735 5734 5733 5732 5731 5730 5729 5728 5727 5726 5725 5724 5723 5722 5721 5720 5789 5788 5787 5786 5785 5784 5783 5782 5781 5780 5779 5778 5777 5776 5775 5774 5773 5772 5771 5770 5769 5768 5767 5766 5765 5764 5763 5762 5761 5760 5759 5758 5757 5756 5755 5754 5753 5752 5819 5818 5817 5816 5815 5814 5813 5812 5811 5810 5809 5808 5807 5806 5805 5804 5803 5802 5801 5800 5799 5798 5797 5796 5795 5794 5793 5792 5791 5790 5850 5849 5848 5847 5846 5845 5844 5843 5842 5841 5840 5839 5838 5837 5836 5835 5834 5833 5832 5831 5830 5829 5828 5827 5826 5825 5824 5823 5822 5821 5820 5879 5878 5877 5876 5875 5874 5873 5872 5871 5870 5869 5868 5867 5866 5865 5864 5863 5862 5861 5860 5859 5858 5857 5856 5855 5854 5853 5852 5851 5912 5911 5910 5909 5908 5907 5906 5905 5904 5903 5902 5901 5900 5899 5898 5897 5896 5895 5894 5893 5892 5891 5890 5889 5888 5887 5886 5885 5884 5883 5882 5881 5880 5952 5951 5950 5949 5948 5947 5946 5945 5944 5943 5942 5941 5940 5939 5938 5937 5936 5935 5934 5933 5932 5931 5930 5929 5928 5927 5926 5925 5924 5923 5922 5921 5920 5919 5918 5917 5916 5915 5914 5913 5979 5978 5977 5976 5975 5974 5973 5972 5971 5970 5969 5968 5967 5966 5965 5964 5963 5962 5961 5960 5959 5958 5957 5956 5955 5954 5953 6019 6018 6017 6016 6015 6014 6013 6012 6011 6010 6009 6008 6007 6006 6005 6004 6003 6002 6001 6000 5999 5998 5997 5996 5995 5994 5993 5992 5991 5990 5989 5988 5987 5986 5985 5984 5983 5982 5981 5980 6057 6056 6055 6054 6053 6052 6051 6050 6049 6048 6047 6046 6045 6044 6043 6042 6041 6040 6039 6038 6037 6036 6035 6034 6033 6032 6031 6030 6029 6028 6027 6026 6025 6024 6023 6022 6021 6020 6097 6096 6095 6094 6093 6092 6091 6090 6089 6088 6087 6086 6085 6084 6083 6082 6081 6080 6079 6078 6077 6076 6075 6074 6073 6072 6071 6070 6069 6068 6067 6066 6065 6064 6063 6062 6061 6060 6059 6058 6132 6131 6130 6129 6128 6127 6126 6125 6124 6123 6122 6121 6120 6119 6118 6117 6116 6115 6114 6113 6112 6111 6110 6109 6108 6107 6106 6105 6104 6103 6102 6101 6100 6099 6098 6172 6171 6170 6169 6168 6167 6166 6165 6164 6163 6162 6161 6160 6159 6158 6157 6156 6155 6154 6153 6152 6151 6150 6149 6148 6147 6146 6145 6144 6143 6142 6141 6140 6139 6138 6137 6136 6135 6134 6133 6201 6200 6199 6198 6197 6196 6195 6194 6193 6192 6191 6190 6189 6188 6187 6186 6185 6184 6183 6182 6181 6180 6179 6178 6177 6176 6175 6174 6173 6238 6237 6236 6235 6234 6233 6232 6231 6230 6229 6228 6227 6226 6225 6224 6223 6222 6221 6220 6219 6218 6217 6216 6215 6214 6213 6212 6211 6210 6209 6208 6207 6206 6205 6204 6203 6202 6266 6265 6264 6263 6262 6261 6260 6259 6258 6257 6256 6255 6254 6253 6252 6251 6250 6249 6248 6247 6246 6245 6244 6243 6242 6241 6240 6239 6298 6297 6296 6295 6294 6293 6292 6291 6290 6289 6288 6287 6286 6285 6284 6283 6282 6281 6280 6279 6278 6277 6276 6275 6274 6273 6272 6271 6270 6269 6268 6267 6323 6322 6321 6320 6319 6318 6317 6316 6315 6314 6313 6312 6311 6310 6309 6308 6307 6306 6305 6304 6303 6302 6301 6300 6299 6362 6361 6360 6359 6358 6357 6356 6355 6354 6353 6352 6351 6350 6349 6348 6347 6346 6345 6344 6343 6342 6341 6340 6339 6338 6337 6336 6335 6334 6333 6332 6331 6330 6329 6328 6327 6326 6325 6324 6396 6395 6394 6393 6392 6391 6390 6389 6388 6387 6386 6385 6384 6383 6382 6381 6380 6379 6378 6377 6376 6375 6374 6373 6372 6371 6370 6369 6368 6367 6366 6365 6364 6363 6433 6432 6431 6430 6429 6428 6427 6426 6425 6424 6423 6422 6421 6420 6419 6418 6417 6416 6415 6414 6413 6412 6411 6410 6409 6408 6407 6406 6405 6404 6403 6402 6401 6400 6399 6398 6397 6472 6471 6470 6469 6468 6467 6466 6465 6464 6463 6462 6461 6460 6459 6458 6457 6456 6455 6454 6453 6452 6451 6450 6449 6448 6447 6446 6445 6444 6443 6442 6441 6440 6439 6438 6437 6436 6435 6434


------------------------------------------------------------
Articulation Points:
 0

------------------------------------------------------------
Critical Path:
   Source Node: 0
   Final Task: 6435
   Total Duration: 9768

Critical Path: 
 0 5 69 101 127 144 196 215 251 269 325 361 409 446 457 508 540 562 574 614 664 676 725 740 762 799 855 872 925 929 983 1007 1049 1083 1086 1136 1152 1218 1233 1261 1313 1329 1376 1380 1424 1457 1504 1517 1557 1597 1606 1643 1689 1701 1769 1790 1816 1869 1898 1913 1933 1966 2029 2051 2103 2127 2162 2174 2201 2258 2280 2301 2343 2362 2418 2443 2486 2502 2542 2572 2616 2641 2661 2703 2762 2777 2809 2843 2895 2920 2932 2968 3004 3041 3077 3081 3112 3143 3180 3219 3248 3291 3314 3346 3390 3421 3440 3501 3521 3554 3596 3614 3647 3668 3709 3766 3796 3827 3840 3892 3903 3932 3959 3994 4017 4068 4082 4138 4177 4193 4240 4278 4284 4326 4373 4392 4445 4465 4496 4523 4541 4598 4615 4673 4691 4721 4734 4766 4820 4825 4871 4891 4943 4964 5018 5036 5074 5120 5162 5190 5208 5244 5264 5312 5361 5373 5414 5459 5475 5515 5547 5577 5618 5628 5672 5719 5745 5781 5809 5844 5877 5908 5941 5976 6000 6020 6088 6111 6164 6186 6223 6239 6279 6304 6358 6390 6402 6435

------------------------------------------------------------
Slack Times (task-slacktime):
 1-52 2-61 3-35 4-63 6-33 7-33 8-27 9-64 10-62 11-58 12-58 13-43 14-39 15-70 16-38 17-65 18-28 19-35 20-59 21-34 22-62 23-23 24-41 25-70 26-59 27-42 28-51 29-60 30-43 31-57 32-32 33-56 34-41 35-22 36-39 37-40 38-23 39-40 40-51 41-40 42-16 43-33 44-30 46-34 47-22 48-47 49-14 50-53 51-11 52-50 53-45 54-35 55-46 56-18 57-64 58-39 59-45 60-23 61-9 62-24 63-45 64-24 65-23 66-45 67-15 68-46 70-53 71-47 72-7 74-48 75-34 76-39 77-34 78-40 79-13 80-22 81-14 82-26 83-43 84-13 85-47 86-2 87-21 88-2 89-16 90-45 91-9 92-42 93-38 94-6 95-43 96-24 97-22 98-32 99-15 100-42 102-27 103-35 104-18 105-49 106-26 107-48 108-42 109-17 110-24 111-10 112-3 113-38 114-31 115-22 116-19 117-30 119-14 120-34 121-40 122-47 123-23 124-24 125-15 128-20 129-12 130-40 131-32 132-31 133-27 134-45 135-47 136-6 137-12 138-2 139-41 140-13 141-5 142-48 143-4 145-13 146-21 147-39 148-43 149-8 150-12 151-18 152-45 153-36 154-10 155-44 156-26 157-35 158-4 160-5 161-31 162-36 163-7 164-45 165-36 166-12 167-39 168-31 169-35 170-32 171-14 172-23 173-33 174-3 175-50 176-35 177-12 178-25 179-36 180-32 181-32 182-21 183-13 184-12 185-13 187-4 189-26 190-20 191-27 192-5 193-40 194-14 195-20 197-46 198-18 199-40 200-43 201-9 202-1 204-42 205-1 206-11 207-50 208-31 209-4 210-45 211-3 212-26 213-33 214-20 216-25 217-10 218-55 219-4 220-11 221-20 222-24 223-39 224-21 225-23 226-28 227-12 228-10 229-12 230-24 231-1 232-27 233-13 234-1 235-30 236-9 237-10 238-28 239-29 240-2 241-23 242-9 243-47 244-20 246-39 247-45 248-22 249-5 250-15 252-11 253-24 254-15 256-10 257-25 258-41 259-24 260-18 261-46 262-21 263-2 264-33 265-18 266-32 267-24 268-3 270-12 271-26 272-37 273-18 274-29 275-37 276-40 277-31 278-31 279-27 281-44 282-41 283-18 284-42 285-43 286-12 287-30 288-15 289-38 290-28 291-31 292-26 293-34 294-28 295-42 296-30 297-49 298-9 299-47 300-17 301-51 302-7 303-42 304-15 305-5 306-31 307-23 308-46 309-26 310-6 311-19 312-19 313-37 314-11 315-34 316-27 317-6 318-8 319-2 320-6 321-36 322-15 323-39 324-46 326-42 327-44 328-4 329-12 330-39 331-16 332-28 333-42 334-1 335-46 336-23 337-9 339-3 340-11 341-28 342-27 343-20 344-15 345-35 346-38 347-17 348-4 349-26 350-51 351-35 352-5 353-1 354-4 355-24 356-24 357-32 358-14 360-37 362-18 363-49 364-33 366-46 367-50 368-34 369-41 370-4 371-24 372-49 373-48 374-32 375-10 376-40 377-15 378-6 379-20 380-33 381-2 382-40 383-38 384-26 385-11 386-47 387-36 388-45 389-13 390-39 391-46 392-26 393-21 394-32 395-8 396-45 397-17 398-30 399-20 400-12 401-42 402-12 403-22 404-44 405-40 406-13 407-39 408-13 411-22 412-27 413-23 414-29 415-6 416-11 417-28 418-47 419-14 420-47 421-32 422-9 423-4 424-10 425-3 426-19 427-32 428-29 429-12 430-9 431-4 432-37 433-38 434-13 435-31 436-47 437-37 438-34 439-3 440-19 441-6 442-31 443-45 444-27 445-2 447-16 448-12 449-28 450-18 451-30 452-9 453-19 454-46 455-28 456-44 458-21 459-20 460-32 461-11 462-34 463-8 464-19 465-43 466-34 468-20 469-14 470-16 471-24 472-17 473-31 474-36 475-42 476-25 477-45 478-9 480-30 481-14 482-9 483-29 484-21 485-9 486-18 487-25 488-38 489-49 490-7 491-10 492-26 493-17 494-41 495-6 496-21 497-40 498-16 499-47 500-30 501-32 502-5 503-20 504-37 505-28 506-18 507-16 509-25 510-17 511-43 512-37 513-39 514-9 515-41 516-16 517-1 518-26 519-20 520-39 521-14 522-12 523-5 524-15 525-9 526-48 527-32 528-37 529-42 530-42 531-27 532-34 533-9 534-30 535-38 536-37 537-39 538-5 539-47 541-35 542-42 543-48 544-47 545-30 546-10 547-6 548-17 549-22 550-20 551-39 552-30 553-20 554-29 555-40 556-8 557-41 558-30 559-6 560-40 561-46 563-23 564-21 565-20 566-10 567-32 568-9 570-40 571-52 572-15 573-5 575-32 576-36 577-24 578-55 579-3 581-45 582-18 583-26 584-39 585-10 586-38 587-43 588-45 589-9 590-38 591-31 592-8 593-26 594-24 595-36 596-38 597-31 598-33 599-18 600-24 601-5 602-37 603-26 604-9 605-52 606-8 607-44 608-36 609-46 610-20 611-49 612-13 613-26 615-47 616-19 617-14 618-32 619-20 620-33 621-38 622-37 623-15 624-46 625-2 627-42 628-2 629-32 630-7 631-25 632-31 633-37 634-34 635-4 636-24 637-23 638-43 639-46 640-37 641-17 642-37 643-45 644-15 645-14 646-17 647-28 648-20 649-4 650-8 651-11 652-18 653-26 654-37 655-34 656-41 657-2 658-46 659-15 660-1 661-32 662-8 663-10 665-23 666-37 667-7 668-22 670-43 671-2 672-11 673-15 674-25 675-16 677-10 678-19 679-45 680-4 681-43 682-25 684-31 685-17 686-23 687-9 688-30 689-35 690-45 691-19 692-10 693-30 694-19 695-17 696-45 697-6 698-38 700-37 701-34 702-26 703-44 704-33 705-38 706-14 707-43 708-48 709-12 710-24 711-38 712-22 713-49 714-32 715-27 716-40 717-43 718-13 719-9 720-5 721-1 722-35 723-25 724-24 726-38 727-45 728-5 729-22 730-45 731-10 732-10 733-34 734-26 735-2 736-16 737-35 738-4 739-24 741-27 742-1 743-20 744-15 745-17 746-1 747-42 748-38 749-13 750-16 751-20 752-38 753-40 754-3 756-13 757-1 758-8 759-50 760-39 761-13 763-31 764-42 766-33 767-30 768-35 769-37 770-47 771-4 772-34 773-20 774-23 775-7 776-25 777-39 778-15 779-12 780-27 781-2 782-19 783-49 784-40 785-50 786-3 787-18 788-3 789-28 790-31 791-14 792-52 793-22 794-22 795-9 796-4 797-43 798-10 800-44 801-38 803-2 804-34 805-38 806-5 807-43 808-22 809-25 810-43 811-1 812-45 813-34 814-48 815-12 816-41 817-40 818-8 819-22 820-48 821-42 822-36 823-9 824-37 825-12 826-21 827-34 828-8 829-3 830-20 832-9 833-38 834-6 835-20 836-4 837-7 838-40 839-30 840-33 841-38 842-41 843-44 844-10 845-14 846-28 847-5 848-47 849-9 850-40 851-43 852-13 853-29 854-10 856-26 857-25 858-39 859-24 860-25 861-8 862-5 863-40 864-15 865-39 866-19 867-30 868-11 870-33 871-4 873-15 874-5 875-27 876-8 877-8 878-15 879-41 880-6 881-17 882-20 883-13 884-16 886-44 887-33 888-14 889-1 890-19 891-3 892-50 893-29 894-36 895-35 896-25 897-50 898-13 899-43 900-8 901-6 902-12 903-8 904-32 905-7 906-24 907-41 908-3 909-14 910-24 911-42 912-15 913-21 914-11 915-41 916-48 917-20 918-19 919-23 920-39 921-9 922-10 923-37 924-49 926-7 927-40 928-6 930-25 931-31 932-2 933-3 934-13 935-48 936-33 937-28 938-28 939-49 940-20 941-2 942-29 943-47 944-15 945-32 946-36 947-38 948-41 949-34 950-21 951-33 952-16 953-9 954-21 955-41 956-29 957-31 958-26 959-30 960-8 961-9 962-44 963-19 964-18 966-23 967-45 968-21 969-21 970-3 971-10 972-24 973-37 974-42 975-7 976-37 977-4 978-3 980-31 981-23 982-32 984-29 985-24 986-28 987-9 988-13 989-18 990-19 991-7 992-8 993-3 994-23 995-14 996-22 997-16 998-30 999-44 1000-31 1001-40 1002-2 1003-28 1004-10 1005-22 1006-38 1008-37 1009-2 1010-6 1011-39 1012-2 1013-18 1014-40 1015-40 1016-35 1017-5 1018-36 1019-20 1020-41 1021-7 1022-22 1023-30 1024-27 1025-25 1027-24 1028-30 1029-25 1030-27 1031-51 1032-51 1033-16 1034-26 1035-10 1036-21 1037-46 1038-33 1039-23 1040-43 1041-36 1042-7 1043-45 1044-16 1045-27 1046-11 1047-26 1048-49 1050-1 1051-25 1052-27 1053-44 1054-48 1055-24 1056-6 1058-18 1059-26 1060-40 1061-8 1062-15 1063-11 1064-1 1065-14 1066-3 1067-24 1068-31 1069-39 1070-33 1071-16 1072-16 1073-38 1074-33 1076-10 1077-27 1078-13 1079-44 1080-38 1081-37 1082-13 1084-43 1085-36 1087-27 1088-22 1089-19 1090-44 1091-21 1092-14 1093-51 1094-4 1095-16 1096-42 1097-60 1098-15 1099-18 1100-7 1101-7 1102-21 1103-34 1104-25 1105-24 1106-21 1107-7 1108-8 1109-37 1110-39 1111-25 1112-18 1113-32 1114-18 1115-32 1116-51 1117-10 1118-46 1119-40 1120-17 1121-36 1122-26 1123-7 1124-9 1125-12 1126-35 1127-43 1128-40 1129-14 1130-18 1131-31 1132-4 1133-40 1134-57 1135-28 1137-5 1138-9 1139-16 1140-35 1141-33 1142-35 1143-51 1144-23 1145-3 1146-39 1147-35 1148-15 1149-3 1150-8 1151-15 1153-4 1154-32 1155-16 1156-19 1157-30 1158-4 1159-5 1160-40 1161-44 1162-25 1163-46 1164-29 1165-18 1166-34 1167-19 1168-13 1169-12 1170-25 1171-12 1172-41 1173-17 1174-37 1175-13 1176-37 1177-36 1178-33 1179-36 1180-29 1181-15 1182-34 1183-31 1184-30 1185-24 1186-14 1187-9 1188-34 1190-17 1191-6 1192-23 1193-8 1194-4 1195-12 1196-43 1197-27 1198-32 1199-5 1200-7 1201-39 1202-44 1203-37 1204-25 1205-23 1206-30 1207-5 1208-5 1209-24 1210-29 1211-18 1212-8 1214-3 1215-28 1216-48 1217-39 1219-7 1220-26 1221-26 1222-25 1223-18 1224-22 1225-34 1226-47 1227-27 1228-7 1229-46 1230-7 1231-12 1232-21 1234-37 1235-18 1236-33 1237-46 1238-10 1239-29 1240-12 1241-18 1242-44 1243-41 1244-22 1245-12 1246-19 1247-27 1248-7 1249-17 1251-39 1252-39 1253-30 1254-11 1255-27 1257-11 1258-28 1259-29 1260-13 1262-44 1263-39 1264-24 1265-46 1266-17 1267-29 1268-36 1269-23 1270-14 1271-17 1272-14 1273-30 1274-26 1275-36 1276-29 1277-40 1278-10 1279-9 1280-20 1281-40 1282-5 1283-18 1284-7 1285-42 1286-12 1287-49 1288-13 1289-42 1290-23 1291-27 1292-40 1293-17 1295-38 1296-39 1297-30 1298-32 1299-9 1300-6 1301-35 1302-30 1303-35 1304-44 1305-1 1306-36 1307-44 1308-50 1309-33 1310-37 1311-35 1312-30 1314-10 1315-10 1316-6 1317-20 1318-2 1319-12 1320-4 1321-38 1322-30 1323-16 1324-34 1325-8 1326-13 1327-23 1328-20 1330-17 1331-33 1333-23 1334-25 1335-40 1336-4 1337-34 1338-1 1339-38 1340-16 1341-48 1342-7 1343-7 1344-38 1345-19 1346-52 1347-12 1348-45 1349-15 1350-42 1351-26 1352-45 1353-7 1354-47 1355-43 1356-23 1357-47 1358-2 1359-35 1360-36 1361-33 1362-13 1363-18 1364-52 1365-48 1366-38 1367-3 1368-54 1369-2 1370-8 1371-7 1372-13 1373-42 1374-45 1375-48 1377-22 1378-32 1379-6 1381-28 1382-15 1383-5 1384-31 1385-48 1386-30 1387-8 1388-41 1389-7 1390-15 1391-31 1392-4 1393-33 1394-42 1395-11 1396-4 1397-37 1398-37 1400-36 1401-12 1402-48 1403-24 1404-30 1405-31 1406-52 1407-24 1408-35 1409-38 1410-20 1411-35 1412-32 1413-8 1414-28 1415-17 1416-37 1417-21 1418-28 1420-14 1421-33 1422-46 1423-5 1425-33 1426-36 1427-41 1428-8 1429-45 1430-30 1431-2 1432-3 1433-22 1434-37 1435-22 1436-45 1437-15 1438-42 1439-50 1440-15 1441-24 1442-16 1443-36 1444-12 1445-38 1446-18 1447-16 1448-30 1449-13 1450-17 1451-25 1452-19 1453-5 1455-13 1458-38 1459-1 1460-25 1461-31 1462-19 1463-47 1464-33 1465-20 1466-37 1467-33 1468-36 1469-28 1470-28 1471-25 1472-12 1473-3 1474-12 1475-40 1476-9 1477-46 1478-24 1479-12 1480-8 1481-14 1482-49 1483-36 1484-46 1485-36 1486-27 1487-15 1488-36 1489-34 1490-3 1491-41 1492-44 1493-35 1494-52 1495-43 1496-34 1497-41 1498-14 1499-44 1500-24 1501-19 1502-41 1503-36 1506-17 1507-1 1508-6 1509-33 1510-17 1511-22 1512-23 1513-2 1514-3 1515-19 1516-24 1518-17 1519-5 1520-26 1521-48 1522-3 1523-16 1524-25 1525-3 1526-9 1527-10 1529-36 1530-35 1531-44 1532-37 1533-45 1534-8 1535-23 1536-3 1537-43 1538-40 1539-7 1540-40 1541-5 1542-39 1543-17 1544-16 1545-8 1546-37 1547-33 1548-17 1549-34 1550-23 1551-49 1552-34 1554-17 1555-32 1556-7 1558-22 1559-41 1560-15 1561-30 1562-41 1563-39 1564-42 1565-2 1566-17 1567-7 1568-13 1569-28 1570-9 1571-26 1572-47 1573-16 1574-27 1575-32 1576-1 1577-44 1578-18 1579-15 1580-8 1581-35 1582-41 1583-18 1584-19 1585-18 1586-21 1587-25 1588-9 1589-17 1590-39 1591-14 1592-20 1595-36 1596-7 1598-40 1599-30 1600-37 1601-32 1602-17 1603-35 1604-37 1605-48 1607-19 1608-25 1609-41 1610-25 1611-46 1612-41 1613-34 1614-40 1615-34 1616-27 1617-4 1618-30 1619-49 1621-46 1622-26 1623-10 1624-13 1625-45 1626-21 1627-41 1628-36 1629-17 1630-35 1631-15 1632-23 1633-47 1634-20 1635-15 1636-19 1637-22 1638-12 1639-40 1640-34 1642-7 1644-12 1645-28 1646-32 1647-38 1648-25 1649-44 1650-43 1651-2 1652-25 1653-5 1654-44 1655-30 1656-44 1657-6 1658-7 1659-21 1660-2 1661-25 1662-41 1663-25 1664-10 1665-31 1666-21 1667-43 1668-14 1669-31 1670-34 1671-30 1672-11 1673-3 1674-49 1675-10 1676-53 1677-14 1678-9 1679-37 1680-23 1681-22 1682-23 1683-43 1684-37 1685-11 1686-16 1687-19 1688-48 1690-29 1691-32 1692-16 1693-13 1694-34 1695-22 1696-27 1697-43 1698-7 1699-21 1700-13 1702-4 1703-18 1704-50 1705-42 1706-7 1707-11 1708-34 1709-15 1710-29 1711-20 1712-24 1713-14 1714-17 1715-36 1716-31 1717-31 1718-39 1719-6 1720-38 1721-41 1722-22 1723-34 1724-26 1726-9 1727-36 1728-42 1729-14 1730-47 1731-50 1732-1 1733-49 1734-5 1735-32 1736-21 1737-30 1738-26 1739-36 1740-1 1741-26 1742-23 1743-10 1744-49 1745-42 1746-30 1747-23 1748-13 1749-12 1750-37 1751-15 1752-28 1753-28 1754-19 1755-14 1756-25 1757-19 1758-40 1760-8 1761-42 1762-27 1763-37 1764-10 1765-48 1766-34 1767-2 1768-31 1770-32 1771-26 1772-42 1773-38 1774-15 1775-32 1776-32 1777-31 1778-34 1779-5 1780-21 1781-40 1782-45 1783-35 1784-2 1785-19 1786-40 1787-42 1788-25 1789-3 1791-50 1792-9 1793-12 1794-9 1795-10 1796-49 1797-33 1798-25 1799-18 1800-28 1801-38 1802-33 1803-11 1804-4 1805-40 1807-39 1808-50 1809-19 1810-27 1811-3 1812-43 1813-34 1814-22 1815-36 1817-25 1818-18 1819-24 1820-10 1821-28 1822-39 1823-9 1824-2 1825-39 1826-43 1827-9 1828-12 1830-13 1831-46 1832-38 1833-13 1834-16 1835-9 1836-42 1837-37 1838-29 1839-42 1840-44 1841-42 1842-25 1843-27 1844-35 1845-12 1846-41 1847-23 1848-38 1849-14 1850-46 1851-22 1852-44 1853-6 1854-5 1855-30 1856-4 1857-12 1858-45 1859-3 1860-31 1861-40 1862-17 1863-26 1864-30 1865-13 1866-36 1867-17 1870-24 1871-19 1872-31 1873-44 1874-48 1875-25 1876-18 1877-20 1878-11 1879-38 1880-44 1881-35 1882-15 1883-18 1884-42 1885-25 1886-24 1887-51 1888-50 1889-45 1890-41 1891-24 1892-16 1893-27 1894-29 1895-38 1896-11 1897-39 1899-36 1900-14 1901-18 1903-47 1904-34 1905-29 1906-31 1907-31 1908-35 1909-35 1910-11 1911-42 1912-11 1914-15 1915-14 1916-31 1917-7 1918-4 1920-41 1921-5 1922-17 1923-12 1924-14 1925-35 1926-32 1927-14 1928-47 1929-39 1930-7 1931-9 1932-51 1934-26 1935-41 1936-44 1937-48 1938-55 1939-23 1940-27 1941-4 1942-34 1943-15 1944-52 1945-44 1946-13 1947-38 1948-12 1949-29 1950-36 1951-21 1952-48 1953-13 1954-12 1955-43 1956-4 1957-16 1958-50 1959-43 1960-20 1961-39 1962-34 1963-55 1964-27 1965-13 1967-40 1968-16 1969-8 1970-34 1971-50 1972-12 1973-48 1974-37 1975-40 1976-50 1977-7 1978-13 1979-32 1980-12 1981-5 1983-31 1984-2 1985-49 1986-26 1987-22 1988-48 1989-29 1990-17 1991-12 1992-3 1993-41 1994-9 1995-32 1996-48 1997-46 1998-6 1999-4 2000-8 2001-12 2002-43 2003-31 2004-19 2005-24 2006-35 2007-12 2009-26 2010-13 2011-45 2012-25 2013-29 2014-35 2015-27 2016-11 2017-36 2018-29 2019-26 2020-46 2021-2 2022-24 2023-1 2024-9 2025-20 2026-30 2027-41 2028-41 2030-4 2031-39 2032-38 2033-47 2034-46 2035-19 2036-19 2037-45 2038-17 2039-16 2040-39 2041-7 2042-29 2043-50 2044-16 2045-31 2046-9 2047-49 2048-42 2049-30 2050-28 2052-3 2053-3 2054-23 2055-13 2056-11 2057-50 2058-18 2059-37 2060-20 2061-43 2062-9 2063-12 2064-42 2065-48 2066-28 2067-38 2068-29 2069-3 2070-34 2072-23 2074-27 2075-14 2077-4 2078-26 2079-24 2080-30 2081-44 2082-2 2083-28 2084-2 2085-36 2086-2 2087-38 2088-19 2089-40 2090-21 2091-9 2092-17 2093-41 2094-23 2095-19 2096-30 2097-7 2098-18 2099-7 2100-43 2101-20 2102-46 2104-6 2105-32 2106-46 2107-17 2108-14 2109-5 2110-31 2112-8 2113-20 2114-6 2115-28 2116-35 2117-23 2118-19 2119-6 2120-30 2121-6 2122-1 2123-25 2124-40 2125-35 2126-38 2128-18 2129-44 2130-45 2131-48 2132-22 2133-46 2135-11 2136-34 2137-5 2138-32 2139-26 2140-7 2141-13 2142-27 2143-36 2144-21 2145-9 2146-6 2147-20 2148-22 2149-25 2150-37 2151-4 2152-5 2153-28 2154-27 2155-22 2156-24 2157-30 2158-29 2159-35 2160-29 2161-5 2163-35 2164-43 2165-41 2166-22 2167-37 2168-31 2169-18 2170-47 2171-22 2172-45 2173-8 2175-29 2176-2 2177-5 2178-22 2179-6 2180-5 2181-48 2182-50 2183-41 2184-1 2185-11 2186-17 2187-23 2188-34 2189-18 2191-29 2192-44 2193-22 2194-25 2195-10 2196-40 2197-14 2198-22 2199-23 2200-24 2202-17 2203-26 2204-45 2205-22 2206-13 2207-25 2208-15 2209-43 2210-47 2211-20 2212-38 2213-20 2214-50 2215-23 2216-31 2217-39 2218-29 2219-5 2220-20 2221-46 2222-3 2223-45 2224-18 2226-23 2228-13 2229-27 2230-33 2231-10 2232-47 2233-1 2234-2 2235-34 2236-2 2237-43 2238-25 2239-33 2240-35 2241-31 2242-28 2243-2 2244-5 2245-15 2246-23 2247-50 2248-20 2249-40 2250-29 2251-8 2252-16 2253-21 2254-39 2255-34 2257-45 2259-37 2260-20 2261-1 2262-2 2263-30 2264-19 2265-22 2266-32 2268-29 2269-39 2270-45 2271-36 2272-34 2273-45 2274-21 2275-7 2276-2 2277-33 2278-43 2279-29 2281-9 2282-8 2283-38 2284-13 2285-3 2287-1 2288-36 2289-20 2290-7 2291-19 2292-20 2293-35 2294-46 2295-16 2296-28 2297-43 2299-24 2300-8 2302-28 2303-13 2304-14 2305-45 2306-44 2307-10 2308-44 2309-23 2310-49 2311-4 2312-10 2313-17 2314-32 2315-20 2316-17 2317-5 2318-42 2319-32 2320-25 2321-31 2322-1 2323-5 2324-22 2326-18 2327-12 2328-33 2329-27 2330-6 2331-32 2332-18 2333-28 2334-38 2335-14 2336-6 2337-9 2338-27 2339-20 2340-21 2341-28 2342-37 2344-3 2345-11 2346-33 2347-44 2348-4 2349-10 2350-15 2351-1 2352-23 2353-22 2354-27 2355-44 2356-24 2357-9 2358-21 2359-43 2360-42 2361-32 2363-38 2364-20 2365-4 2366-10 2367-46 2368-16 2369-20 2370-8 2371-18 2372-33 2373-28 2374-36 2375-24 2376-34 2377-45 2378-9 2379-12 2380-23 2381-22 2382-27 2383-31 2384-33 2385-37 2386-17 2388-43 2389-52 2390-24 2391-49 2392-18 2393-30 2394-21 2395-39 2396-11 2397-33 2398-20 2399-46 2400-28 2401-16 2402-7 2404-12 2405-31 2406-4 2407-1 2408-22 2409-27 2410-38 2411-45 2412-32 2413-1 2414-20 2415-40 2416-20 2417-13 2419-35 2420-23 2421-3 2422-17 2423-12 2424-34 2425-34 2426-29 2427-6 2428-21 2429-51 2430-18 2431-38 2432-49 2433-38 2434-24 2435-47 2436-27 2437-30 2438-52 2439-46 2440-40 2441-21 2442-30 2444-17 2445-37 2446-8 2447-13 2448-22 2449-11 2450-46 2451-26 2452-14 2453-22 2454-24 2455-39 2456-23 2457-17 2458-30 2459-36 2460-44 2461-8 2462-15 2463-38 2464-18 2465-13 2466-24 2467-6 2468-17 2469-43 2470-28 2471-34 2472-5 2473-21 2474-7 2475-27 2476-41 2477-17 2478-37 2479-17 2480-35 2481-13 2482-40 2483-4 2484-16 2487-2 2488-41 2489-3 2490-21 2491-45 2492-39 2493-19 2494-22 2495-17 2496-34 2497-4 2498-13 2499-41 2500-1 2501-8 2503-28 2504-49 2505-22 2506-26 2507-37 2508-4 2509-39 2510-38 2511-2 2512-47 2513-3 2514-19 2515-39 2516-40 2517-28 2519-27 2520-7 2521-13 2522-30 2523-43 2524-14 2525-38 2526-39 2527-1 2528-15 2529-41 2530-19 2531-39 2532-3 2533-24 2534-36 2535-43 2536-48 2537-10 2539-12 2540-17 2541-17 2543-36 2544-5 2545-12 2546-49 2547-8 2548-16 2549-43 2550-25 2551-19 2552-10 2553-4 2554-17 2555-13 2556-17 2557-9 2558-29 2559-41 2560-37 2561-5 2562-31 2563-38 2564-25 2565-18 2566-8 2567-15 2568-3 2569-36 2570-20 2571-31 2573-2 2574-7 2575-38 2576-5 2577-32 2578-31 2579-30 2580-16 2581-32 2582-10 2583-10 2584-42 2586-38 2587-26 2588-41 2589-21 2590-34 2591-3 2592-14 2593-40 2594-22 2595-36 2596-26 2598-21 2599-19 2600-22 2601-33 2602-43 2603-18 2604-11 2605-29 2606-34 2607-25 2608-38 2609-11 2610-43 2611-26 2612-6 2613-3 2614-15 2615-11 2617-24 2618-37 2619-17 2620-18 2621-40 2622-40 2623-21 2624-17 2625-33 2626-42 2627-36 2628-44 2629-4 2630-50 2631-36 2632-2 2633-36 2634-22 2635-44 2636-8 2637-37 2638-51 2639-29 2640-37 2642-39 2643-43 2644-14 2645-3 2646-32 2647-33 2648-6 2649-9 2650-41 2652-30 2653-11 2654-16 2656-7 2657-30 2658-33 2660-8 2663-6 2664-42 2665-4 2666-17 2667-22 2668-14 2669-8 2670-1 2671-31 2672-25 2673-40 2674-16 2675-37 2676-35 2677-2 2678-11 2679-47 2680-23 2681-13 2682-16 2683-23 2684-28 2685-21 2686-22 2687-23 2688-6 2689-9 2690-16 2691-20 2692-34 2693-20 2694-43 2695-28 2696-19 2697-1 2698-7 2699-17 2700-5 2701-12 2702-22 2704-37 2705-11 2706-46 2708-35 2709-48 2710-47 2711-45 2712-17 2713-51 2714-47 2715-7 2716-11 2717-6 2718-35 2719-7 2720-51 2721-40 2722-28 2723-7 2724-4 2725-22 2726-20 2727-18 2728-15 2729-45 2730-2 2731-28 2732-44 2733-36 2734-1 2735-47 2736-2 2737-6 2738-1 2739-20 2740-39 2741-39 2742-23 2743-15 2744-2 2745-23 2746-35 2747-9 2748-4 2749-5 2750-46 2751-38 2752-18 2753-42 2754-9 2755-12 2756-44 2757-32 2758-36 2759-13 2760-9 2761-2 2763-40 2765-35 2766-22 2767-34 2768-39 2769-23 2770-13 2771-18 2772-28 2773-8 2774-46 2775-32 2776-21 2778-1 2779-32 2780-30 2781-40 2782-19 2783-28 2784-12 2785-28 2786-23 2787-25 2788-34 2789-12 2790-12 2791-42 2792-15 2794-28 2795-17 2796-9 2797-30 2798-18 2799-6 2800-24 2802-44 2803-40 2804-31 2805-11 2806-19 2807-26 2808-6 2810-30 2811-49 2812-6 2813-27 2814-29 2815-24 2816-24 2817-39 2818-4 2819-41 2820-48 2821-2 2823-3 2824-32 2825-24 2826-7 2827-18 2828-23 2829-46 2830-40 2831-26 2832-9 2833-27 2834-4 2835-36 2836-19 2838-23 2839-34 2840-33 2841-8 2842-28 2844-5 2845-4 2846-44 2847-27 2848-26 2849-28 2850-46 2851-24 2852-5 2853-45 2854-39 2855-10 2856-10 2857-1 2858-18 2859-40 2860-11 2861-47 2862-43 2864-50 2865-41 2866-25 2867-8 2868-21 2869-2 2870-15 2871-21 2872-26 2873-14 2874-25 2875-38 2876-1 2877-15 2878-30 2879-33 2880-11 2881-13 2882-28 2883-9 2884-47 2885-30 2886-40 2887-20 2888-2 2889-18 2890-24 2891-41 2892-47 2893-10 2894-35 2896-37 2897-26 2898-42 2899-22 2900-17 2901-19 2902-29 2903-15 2904-16 2905-38 2906-11 2908-28 2909-39 2910-34 2911-49 2912-46 2913-3 2914-15 2915-37 2916-56 2917-40 2918-42 2919-46 2921-20 2922-3 2923-22 2924-15 2925-19 2926-36 2927-21 2928-8 2929-31 2930-1 2931-41 2933-21 2934-12 2935-35 2936-32 2937-9 2938-35 2939-11 2940-45 2941-6 2942-29 2943-11 2944-31 2945-30 2946-44 2947-23 2948-1 2949-32 2950-16 2951-24 2954-9 2955-35 2956-30 2957-30 2958-17 2959-31 2960-16 2961-11 2962-30 2963-4 2964-33 2965-11 2966-45 2967-42 2969-9 2970-49 2972-16 2973-18 2974-8 2975-43 2976-4 2977-9 2978-45 2979-15 2980-32 2981-44 2982-21 2983-12 2984-24 2985-38 2986-9 2987-17 2988-24 2989-18 2990-38 2991-26 2992-39 2993-45 2994-28 2995-19 2996-4 2997-24 2998-36 2999-28 3000-37 3001-47 3002-42 3003-27 3005-6 3007-34 3008-9 3009-14 3010-47 3011-27 3012-42 3013-16 3014-38 3015-6 3016-23 3017-3 3018-7 3019-31 3020-48 3021-27 3022-3 3023-47 3024-51 3025-5 3026-39 3027-40 3028-43 3029-46 3030-7 3031-23 3032-31 3033-9 3034-21 3035-31 3037-28 3038-32 3039-27 3040-42 3042-9 3043-22 3044-31 3045-14 3046-37 3047-52 3048-3 3049-41 3050-31 3051-2 3052-48 3053-7 3054-27 3055-48 3056-35 3057-44 3058-8 3059-2 3060-23 3061-37 3062-41 3063-29 3064-41 3065-42 3066-32 3067-7 3068-6 3069-23 3070-35 3071-10 3072-39 3073-41 3074-30 3075-25 3076-9 3078-22 3079-26 3080-45 3082-41 3083-7 3084-15 3085-28 3086-41 3087-22 3088-40 3089-28 3090-36 3091-24 3093-13 3094-15 3095-37 3096-22 3097-8 3098-6 3099-37 3100-44 3101-38 3102-33 3103-33 3104-43 3105-27 3106-43 3107-11 3108-43 3109-3 3110-45 3111-16 3113-18 3114-6 3115-22 3116-28 3117-34 3118-34 3119-19 3120-32 3121-36 3122-3 3123-3 3124-34 3125-26 3126-46 3127-7 3128-12 3129-22 3130-2 3131-24 3132-4 3133-10 3134-8 3135-28 3136-20 3138-47 3139-20 3140-23 3141-26 3142-9 3144-23 3146-7 3147-20 3148-11 3149-27 3150-12 3151-25 3152-29 3153-42 3154-10 3155-17 3156-15 3157-35 3158-46 3159-9 3160-23 3161-30 3162-5 3163-2 3164-1 3165-3 3166-35 3167-12 3168-6 3169-45 3170-7 3171-39 3172-18 3173-12 3174-29 3175-38 3176-46 3178-23 3179-18 3181-9 3182-37 3183-26 3184-22 3185-14 3187-21 3188-39 3189-10 3190-5 3191-50 3192-28 3193-21 3194-31 3195-45 3196-35 3197-22 3198-9 3199-11 3200-26 3201-3 3202-9 3203-47 3204-8 3205-18 3206-27 3207-4 3208-16 3209-37 3210-40 3211-34 3212-3 3213-20 3214-16 3215-1 3216-19 3217-10 3218-5 3220-33 3221-5 3222-16 3223-16 3225-39 3226-9 3227-1 3228-36 3229-2 3230-27 3231-44 3232-32 3233-22 3234-50 3235-6 3236-25 3237-30 3238-19 3239-15 3240-1 3241-2 3242-12 3243-8 3245-17 3246-28 3247-37 3249-28 3250-45 3251-6 3252-7 3253-45 3254-12 3255-19 3256-15 3257-14 3258-31 3259-20 3260-12 3261-9 3262-30 3263-14 3264-6 3265-17 3266-4 3267-42 3268-39 3269-38 3270-32 3271-23 3272-16 3273-18 3274-14 3275-22 3276-20 3277-32 3278-14 3279-10 3280-35 3281-46 3282-54 3283-13 3284-48 3285-21 3286-40 3287-6 3288-23 3289-23 3290-29 3292-41 3293-39 3294-9 3295-25 3296-29 3298-19 3299-13 3300-50 3301-25 3302-46 3303-37 3304-4 3305-4 3306-2 3307-36 3308-12 3309-3 3311-14 3312-47 3313-32 3315-2 3316-20 3317-3 3318-4 3319-43 3320-20 3321-51 3322-19 3323-13 3324-3 3325-9 3326-17 3327-21 3328-30 3329-12 3330-30 3331-9 3332-34 3333-15 3334-37 3335-43 3336-13 3337-31 3338-4 3339-40 3340-37 3341-33 3342-37 3343-2 3344-31 3345-13 3347-27 3348-9 3349-14 3350-13 3351-6 3352-50 3353-21 3354-36 3355-30 3356-7 3357-38 3358-13 3359-27 3360-3 3361-15 3362-39 3363-10 3364-9 3365-30 3366-20 3367-31 3368-9 3370-33 3371-48 3372-10 3373-38 3374-18 3375-18 3376-25 3377-37 3378-24 3379-5 3380-3 3381-43 3382-52 3383-26 3384-37 3385-36 3386-25 3387-2 3388-45 3389-51 3391-37 3392-49 3393-52 3394-36 3395-30 3397-28 3398-37 3399-30 3400-49 3401-25 3402-2 3403-50 3404-9 3405-6 3406-10 3407-54 3408-11 3409-50 3410-48 3411-27 3412-42 3413-39 3414-22 3415-47 3416-38 3417-32 3418-40 3419-8 3420-49 3422-10 3423-19 3424-26 3425-7 3426-38 3427-22 3428-11 3429-46 3430-45 3431-20 3432-19 3433-3 3434-38 3435-23 3436-44 3437-20 3438-31 3439-1 3441-37 3442-22 3443-8 3444-29 3445-36 3446-16 3447-23 3448-45 3449-11 3450-36 3451-16 3452-36 3453-19 3454-27 3455-9 3456-39 3457-22 3458-11 3459-23 3460-23 3461-37 3462-40 3464-2 3465-9 3466-47 3467-32 3468-14 3469-38 3470-18 3471-31 3472-34 3473-10 3474-34 3475-37 3476-32 3477-34 3478-29 3479-6 3481-11 3482-3 3483-30 3484-36 3485-2 3486-13 3487-33 3488-37 3489-35 3490-19 3491-38 3492-25 3493-27 3494-24 3495-5 3496-9 3497-26 3498-19 3499-31 3500-23 3502-40 3503-28 3504-5 3505-14 3506-26 3507-33 3508-37 3509-11 3510-32 3511-32 3512-39 3513-4 3514-10 3515-10 3516-12 3517-28 3518-45 3519-36 3520-28 3523-39 3524-21 3525-1 3526-6 3527-40 3528-23 3529-13 3530-28 3531-27 3532-33 3533-29 3534-9 3535-6 3536-14 3537-20 3538-14 3539-32 3540-4 3541-17 3542-45 3543-35 3544-20 3545-16 3546-38 3547-32 3548-28 3549-46 3550-38 3551-13 3552-25 3553-25 3555-18 3556-27 3557-5 3558-23 3559-22 3560-34 3561-39 3563-27 3564-18 3565-5 3566-22 3567-12 3568-3 3569-27 3570-13 3571-4 3572-12 3573-24 3574-13 3575-25 3576-48 3577-3 3578-48 3579-49 3580-5 3581-33 3582-9 3583-12 3584-20 3585-24 3586-5 3587-34 3588-23 3589-52 3590-32 3592-41 3593-1 3594-36 3595-8 3597-22 3598-4 3599-41 3600-49 3601-5 3602-27 3603-32 3604-28 3605-49 3606-8 3607-32 3608-15 3609-17 3610-13 3611-46 3612-4 3613-27 3615-44 3616-21 3617-28 3618-17 3619-3 3620-34 3621-42 3622-1 3623-4 3624-42 3625-12 3626-22 3627-44 3628-36 3629-27 3630-6 3631-47 3632-26 3634-18 3635-9 3636-34 3637-41 3638-51 3639-47 3640-33 3641-34 3642-50 3644-34 3645-21 3646-43 3648-23 3649-24 3650-35 3651-26 3652-43 3653-29 3654-12 3655-35 3656-30 3657-9 3658-12 3659-20 3660-32 3661-23 3662-42 3663-16 3664-48 3665-35 3666-34 3667-22 3669-1 3670-27 3671-10 3672-9 3673-48 3674-47 3675-33 3677-50 3678-34 3679-16 3680-5 3681-39 3682-23 3683-43 3684-27 3685-1 3686-13 3687-2 3688-21 3689-31 3690-36 3691-22 3692-22 3693-49 3694-35 3695-5 3696-38 3697-32 3698-43 3699-23 3700-10 3701-27 3702-47 3703-42 3704-28 3705-31 3706-8 3707-42 3708-3 3710-40 3711-23 3712-9 3713-31 3714-16 3715-13 3716-29 3717-27 3718-35 3719-32 3720-37 3721-23 3722-6 3723-32 3724-47 3725-9 3726-1 3727-37 3728-17 3729-35 3730-4 3731-23 3733-33 3734-27 3735-27 3736-17 3737-5 3738-49 3739-35 3740-18 3741-7 3742-27 3743-45 3744-28 3745-44 3746-10 3747-46 3748-12 3749-20 3750-46 3751-5 3752-12 3753-4 3754-21 3756-22 3757-16 3758-6 3759-20 3760-37 3761-31 3762-1 3763-26 3764-27 3765-40 3767-46 3768-40 3769-38 3770-46 3771-17 3772-24 3773-25 3774-20 3775-12 3776-34 3777-4 3778-2 3779-31 3780-15 3781-11 3782-43 3783-25 3784-7 3785-9 3786-26 3788-6 3789-13 3790-41 3791-43 3792-35 3793-13 3794-1 3795-19 3797-18 3798-30 3799-12 3800-26 3801-41 3802-34 3803-2 3804-14 3805-39 3806-43 3807-16 3808-9 3809-47 3810-40 3811-49 3812-27 3813-12 3814-37 3815-39 3816-50 3817-42 3819-21 3820-54 3821-28 3822-23 3823-34 3824-13 3825-33 3826-20 3828-41 3829-5 3830-1 3831-29 3832-31 3833-49 3834-6 3835-11 3836-42 3837-16 3838-36 3839-32 3841-12 3842-55 3843-45 3844-12 3845-5 3846-9 3847-43 3848-17 3849-18 3850-34 3851-50 3852-2 3853-20 3854-30 3855-42 3856-45 3857-33 3858-27 3859-7 3861-50 3862-36 3863-26 3864-12 3865-35 3866-6 3867-7 3868-43 3869-3 3870-49 3871-28 3872-26 3873-49 3874-20 3875-11 3876-23 3877-19 3878-43 3879-12 3880-23 3881-37 3882-19 3883-8 3885-45 3886-6 3887-2 3888-38 3889-38 3890-39 3891-11 3893-24 3894-15 3895-29 3896-2 3897-14 3898-26 3899-5 3900-29 3901-11 3902-13 3904-21 3905-13 3906-13 3908-15 3909-18 3910-16 3911-36 3912-20 3913-10 3914-27 3915-10 3916-25 3917-19 3918-53 3919-27 3920-39 3921-47 3922-47 3923-36 3924-39 3925-26 3926-13 3927-29 3928-9 3929-37 3930-38 3931-43 3933-33 3934-40 3936-21 3937-47 3938-17 3939-20 3940-38 3941-45 3942-12 3943-6 3944-50 3945-11 3946-40 3947-22 3948-34 3949-3 3950-41 3951-9 3952-27 3953-20 3954-44 3955-33 3956-47 3957-35 3958-23 3960-11 3961-4 3962-44 3963-29 3964-21 3965-28 3966-18 3967-37 3968-28 3969-10 3970-6 3971-11 3972-42 3973-2 3975-15 3976-8 3977-8 3978-15 3979-16 3980-28 3981-30 3982-41 3983-12 3984-33 3985-9 3986-47 3987-31 3988-25 3989-11 3990-20 3991-4 3992-25 3993-45 3995-21 3996-45 3997-32 3998-36 3999-36 4000-36 4001-28 4003-28 4004-40 4005-17 4006-30 4007-22 4008-26 4009-7 4010-36 4011-42 4012-15 4013-3 4014-11 4015-31 4016-26 4018-30 4019-24 4020-19 4021-36 4023-23 4024-26 4025-52 4026-36 4027-3 4028-13 4029-29 4030-28 4031-36 4032-43 4033-29 4034-40 4035-13 4036-9 4037-18 4038-41 4039-29 4040-11 4041-17 4043-17 4044-12 4045-8 4046-18 4047-25 4048-27 4049-38 4050-50 4051-13 4052-16 4053-39 4054-1 4055-18 4056-28 4057-51 4058-47 4059-50 4060-39 4061-38 4062-27 4063-21 4064-10 4065-48 4066-7 4067-15 4069-27 4070-40 4071-24 4072-33 4073-25 4074-2 4075-41 4076-46 4077-26 4078-39 4079-22 4080-2 4081-23 4083-17 4085-28 4086-32 4087-3 4088-39 4089-31 4090-6 4091-31 4092-15 4093-8 4094-46 4095-48 4096-35 4097-17 4098-24 4099-18 4100-50 4101-37 4102-34 4103-41 4104-11 4105-29 4106-10 4107-34 4108-4 4109-45 4110-45 4111-7 4112-46 4113-36 4114-34 4115-30 4116-22 4117-40 4118-44 4119-4 4120-27 4121-14 4122-36 4123-45 4124-24 4125-31 4126-21 4127-34 4128-45 4129-6 4130-14 4131-21 4132-41 4134-32 4135-26 4136-23 4137-35 4139-38 4140-52 4141-5 4142-8 4143-23 4144-8 4145-9 4146-31 4147-28 4148-36 4149-8 4150-10 4151-45 4152-18 4153-39 4154-13 4155-17 4156-46 4157-27 4158-41 4160-9 4161-28 4162-5 4163-41 4164-27 4165-7 4166-40 4167-32 4168-14 4169-5 4170-22 4171-11 4172-37 4173-24 4174-31 4175-4 4176-44 4178-42 4179-12 4180-46 4181-25 4182-24 4183-30 4184-14 4185-33 4186-4 4187-15 4188-9 4189-21 4190-23 4192-10 4194-8 4195-8 4196-3 4197-4 4198-32 4199-10 4200-47 4201-22 4202-10 4203-31 4204-33 4205-42 4206-5 4207-25 4208-26 4209-17 4210-3 4211-28 4212-23 4213-35 4214-49 4215-32 4216-46 4217-46 4218-23 4219-16 4220-24 4221-21 4222-7 4223-22 4224-9 4225-26 4226-23 4227-34 4228-23 4229-37 4230-38 4231-35 4233-18 4234-47 4235-44 4236-15 4237-8 4238-37 4239-30 4241-34 4242-9 4243-3 4244-19 4245-25 4246-12 4247-45 4248-29 4249-16 4250-48 4251-35 4252-31 4253-31 4254-46 4255-48 4256-28 4257-1 4258-19 4259-35 4260-49 4261-23 4262-5 4263-11 4264-13 4265-30 4266-30 4267-5 4268-42 4269-24 4270-16 4271-11 4272-7 4273-48 4274-48 4275-2 4276-11 4277-30 4279-8 4280-23 4281-46 4282-51 4283-34 4285-18 4286-42 4287-16 4288-13 4289-6 4291-23 4292-31 4293-23 4294-42 4295-5 4296-23 4297-35 4298-2 4299-35 4300-5 4301-16 4302-25 4303-11 4304-48 4305-18 4306-42 4307-36 4308-19 4309-36 4310-2 4311-21 4312-3 4313-43 4314-30 4315-15 4316-40 4317-27 4318-40 4319-49 4320-40 4321-49 4322-42 4323-36 4324-51 4325-7 4327-22 4328-47 4329-7 4330-27 4331-17 4332-20 4333-29 4334-49 4335-41 4336-37 4337-41 4339-41 4340-28 4341-41 4342-41 4343-14 4344-48 4345-12 4346-23 4347-6 4348-24 4349-52 4350-17 4351-12 4352-41 4353-24 4354-43 4355-40 4356-8 4357-28 4358-20 4359-22 4360-29 4361-43 4362-12 4363-16 4364-16 4365-18 4366-15 4367-14 4368-34 4369-40 4370-17 4371-33 4372-24 4374-10 4375-48 4376-44 4377-2 4378-23 4379-40 4380-18 4381-33 4382-1 4383-6 4385-17 4386-18 4387-24 4388-14 4389-17 4390-35 4391-11 4393-22 4394-36 4395-7 4396-1 4397-12 4398-9 4399-47 4400-12 4401-35 4402-20 4403-44 4404-17 4405-3 4406-39 4407-30 4408-28 4409-36 4410-2 4411-13 4412-17 4413-33 4414-19 4415-44 4416-27 4417-3 4418-16 4420-31 4421-10 4422-13 4423-12 4424-34 4425-10 4426-25 4427-14 4429-10 4430-25 4431-10 4432-22 4433-39 4434-36 4435-1 4436-36 4437-5 4439-47 4440-6 4441-11 4442-2 4443-43 4444-27 4446-34 4447-4 4448-44 4449-36 4450-42 4451-27 4452-17 4453-32 4454-44 4455-34 4456-14 4457-34 4458-28 4459-9 4460-14 4461-11 4462-34 4463-6 4466-34 4468-44 4469-29 4470-32 4471-30 4472-6 4473-46 4474-38 4475-29 4476-18 4477-11 4478-28 4479-39 4480-6 4481-47 4482-12 4483-15 4484-1 4485-23 4486-42 4487-51 4488-34 4489-29 4490-18 4491-24 4492-30 4493-2 4494-1 4495-31 4497-2 4498-26 4499-37 4501-31 4502-46 4503-44 4504-27 4505-41 4506-39 4507-33 4508-52 4509-38 4510-11 4511-22 4512-45 4513-36 4514-40 4515-14 4516-18 4517-6 4518-21 4519-11 4520-40 4521-34 4522-28 4524-13 4525-45 4526-25 4527-40 4528-27 4529-53 4530-41 4531-45 4532-12 4533-12 4534-27 4535-47 4536-47 4537-22 4538-3 4539-27 4540-41 4542-37 4543-9 4544-2 4545-16 4546-22 4548-29 4549-40 4550-1 4551-7 4552-24 4553-36 4554-8 4555-6 4556-29 4557-37 4558-25 4559-36 4560-16 4561-8 4562-24 4564-22 4565-7 4566-34 4567-32 4568-10 4569-28 4570-19 4571-16 4572-24 4573-15 4574-12 4575-48 4577-43 4578-6 4579-12 4580-27 4581-8 4582-32 4583-27 4584-49 4585-7 4586-30 4587-43 4588-15 4590-24 4591-18 4592-6 4593-18 4594-9 4595-41 4596-39 4597-18 4599-22 4600-41 4601-10 4602-42 4603-41 4604-31 4605-6 4606-24 4607-22 4608-43 4609-20 4610-40 4611-22 4612-13 4613-34 4614-38 4616-39 4617-19 4618-30 4619-2 4620-8 4621-38 4622-35 4623-43 4624-39 4625-19 4626-40 4627-5 4628-34 4629-47 4630-8 4631-19 4632-40 4633-39 4634-14 4635-15 4636-5 4637-35 4638-20 4640-14 4641-11 4642-9 4643-34 4644-35 4645-6 4646-11 4647-16 4648-6 4649-30 4650-4 4651-25 4652-26 4653-19 4654-32 4655-21 4656-4 4657-22 4658-19 4659-32 4660-10 4661-8 4662-3 4663-4 4664-6 4665-29 4666-44 4667-28 4668-43 4669-5 4670-36 4671-38 4674-14 4675-38 4676-48 4677-9 4678-25 4679-28 4680-25 4681-45 4682-9 4683-36 4684-1 4685-15 4687-39 4688-32 4689-20 4690-15 4692-3 4693-18 4694-4 4695-16 4696-23 4697-7 4698-9 4699-24 4700-39 4701-25 4702-8 4703-11 4704-29 4705-36 4706-49 4707-31 4708-43 4709-24 4710-16 4711-9 4712-14 4713-49 4714-1 4715-24 4716-24 4717-48 4718-27 4719-36 4720-20 4722-29 4723-13 4724-33 4725-41 4726-24 4727-34 4728-38 4729-30 4730-13 4731-18 4732-20 4733-2 4735-15 4736-8 4737-33 4738-12 4739-18 4740-13 4741-42 4742-32 4743-15 4744-38 4745-5 4746-28 4747-46 4748-21 4749-25 4750-8 4751-43 4752-33 4753-27 4754-15 4756-23 4757-21 4758-34 4759-33 4760-18 4761-15 4762-42 4763-33 4764-38 4765-22 4767-16 4768-41 4769-40 4770-3 4771-40 4772-15 4773-3 4774-25 4775-42 4776-35 4777-2 4778-27 4779-5 4780-29 4782-47 4783-33 4784-26 4785-22 4786-13 4787-10 4788-36 4789-3 4790-11 4791-28 4792-20 4793-11 4794-48 4795-15 4796-17 4797-2 4798-35 4799-44 4800-21 4801-5 4802-18 4803-13 4804-46 4805-32 4806-44 4807-25 4808-35 4809-27 4810-5 4811-35 4812-14 4813-28 4814-5 4815-27 4816-22 4817-42 4818-32 4819-18 4821-5 4822-12 4823-28 4824-37 4826-39 4827-16 4828-17 4829-47 4830-6 4831-19 4832-28 4833-42 4834-17 4835-28 4836-9 4837-39 4838-42 4839-35 4840-10 4841-34 4842-35 4843-19 4844-9 4845-37 4846-44 4847-39 4848-44 4849-7 4850-39 4851-6 4852-49 4853-9 4854-40 4855-9 4856-18 4857-23 4858-31 4859-23 4860-46 4861-14 4862-41 4863-7 4864-43 4865-21 4866-17 4867-9 4868-53 4869-16 4870-36 4872-35 4873-21 4874-7 4875-20 4876-17 4877-23 4878-7 4879-3 4880-7 4881-36 4882-12 4883-2 4884-42 4885-19 4886-25 4887-17 4888-9 4889-48 4890-4 4892-21 4893-45 4894-25 4895-47 4896-36 4897-17 4898-39 4899-8 4900-6 4901-18 4902-6 4903-34 4904-3 4906-3 4907-19 4908-41 4909-15 4911-45 4912-43 4913-22 4914-51 4915-45 4916-21 4917-11 4918-44 4919-34 4920-38 4921-42 4922-13 4923-37 4924-5 4925-45 4926-27 4927-36 4928-1 4929-27 4930-44 4931-6 4932-16 4933-17 4934-9 4935-10 4936-44 4937-4 4938-23 4939-29 4940-44 4942-10 4944-22 4946-49 4947-18 4948-29 4949-43 4950-12 4951-46 4952-9 4953-35 4954-43 4955-23 4956-11 4957-40 4958-30 4959-35 4960-2 4961-34 4962-38 4963-19 4965-7 4966-35 4967-45 4968-43 4969-8 4970-9 4971-31 4972-26 4973-16 4974-41 4975-26 4976-43 4977-15 4978-21 4980-25 4981-27 4982-3 4983-5 4984-1 4986-2 4987-23 4988-23 4989-45 4990-21 4991-5 4992-28 4993-48 4994-10 4995-19 4996-18 4997-4 4998-36 4999-47 5001-17 5002-17 5003-17 5004-5 5005-20 5006-38 5007-34 5008-40 5009-39 5010-19 5011-36 5012-7 5013-41 5014-28 5015-41 5016-13 5017-10 5019-29 5020-36 5021-4 5022-26 5023-42 5024-42 5025-45 5027-22 5028-14 5029-25 5030-16 5031-24 5032-28 5033-33 5034-29 5035-20 5037-35 5038-24 5039-10 5040-17 5041-47 5042-28 5043-33 5044-24 5045-40 5046-34 5047-6 5048-29 5049-9 5050-5 5051-27 5052-42 5053-30 5054-10 5055-22 5056-18 5057-26 5058-8 5059-40 5060-29 5061-4 5062-18 5063-22 5064-3 5065-3 5066-48 5067-20 5068-21 5069-46 5070-26 5071-7 5072-46 5073-11 5075-14 5076-18 5077-36 5078-23 5079-37 5080-17 5081-44 5083-39 5084-31 5085-48 5086-48 5087-31 5088-34 5089-3 5090-36 5091-47 5092-16 5093-21 5094-22 5095-8 5096-49 5097-42 5098-15 5099-4 5100-40 5101-47 5102-41 5103-17 5104-35 5105-1 5106-37 5107-45 5108-15 5109-10 5110-27 5111-36 5112-27 5113-29 5114-43 5115-35 5116-39 5117-44 5118-3 5119-15 5121-31 5123-38 5124-37 5125-27 5126-13 5127-29 5128-30 5129-14 5130-18 5131-24 5132-36 5133-43 5134-35 5135-40 5136-1 5137-28 5138-12 5139-27 5141-39 5142-15 5143-40 5144-23 5145-37 5146-43 5147-36 5148-18 5149-45 5150-23 5151-28 5152-11 5153-46 5154-36 5157-33 5158-31 5159-22 5160-48 5161-19 5163-49 5164-45 5165-33 5166-5 5167-48 5168-37 5169-40 5170-28 5171-3 5172-26 5173-5 5174-11 5175-44 5176-22 5177-28 5178-45 5179-15 5180-9 5181-48 5182-31 5183-40 5184-27 5186-14 5187-4 5188-6 5189-45 5191-43 5192-41 5193-47 5194-2 5195-30 5196-2 5197-1 5198-44 5199-31 5200-9 5201-13 5202-22 5203-35 5204-8 5205-28 5206-30 5207-30 5209-12 5210-41 5212-33 5213-32 5214-34 5215-6 5216-14 5217-39 5218-44 5219-48 5220-11 5221-46 5222-26 5223-7 5224-17 5225-38 5226-20 5227-21 5228-42 5229-24 5230-9 5231-36 5232-18 5233-10 5234-28 5235-21 5236-9 5237-7 5238-10 5239-17 5240-10 5241-48 5242-11 5243-26 5245-25 5246-37 5247-48 5248-20 5250-52 5251-8 5252-46 5253-11 5254-25 5255-45 5256-52 5257-5 5258-1 5259-11 5260-32 5261-1 5262-11 5263-45 5265-3 5266-33 5267-5 5268-38 5269-36 5270-5 5271-42 5272-39 5273-31 5274-43 5275-34 5276-49 5277-28 5278-40 5279-20 5280-11 5281-45 5282-46 5283-29 5284-33 5285-29 5286-2 5287-30 5288-22 5289-14 5290-11 5292-18 5293-32 5294-14 5295-11 5296-7 5297-48 5298-27 5299-22 5300-13 5301-5 5302-42 5303-8 5304-45 5305-43 5306-9 5307-11 5308-25 5309-36 5310-21 5311-48 5313-46 5314-25 5315-5 5316-20 5317-49 5318-34 5319-40 5320-36 5322-24 5323-47 5324-50 5325-29 5326-23 5327-32 5328-44 5329-18 5330-1 5331-9 5332-30 5333-27 5334-29 5335-32 5336-28 5337-49 5338-20 5339-2 5341-28 5342-41 5343-17 5344-18 5345-35 5346-49 5347-36 5348-21 5349-27 5350-8 5351-37 5352-2 5353-28 5354-29 5355-18 5356-51 5357-37 5358-17 5359-36 5360-15 5362-1 5363-29 5364-29 5365-43 5366-9 5367-37 5368-39 5369-2 5370-6 5371-29 5372-52 5374-22 5375-14 5376-3 5377-6 5378-26 5379-30 5380-36 5381-5 5382-47 5383-42 5384-43 5385-32 5386-45 5387-21 5388-20 5389-25 5390-14 5392-47 5393-41 5394-14 5395-22 5396-42 5397-35 5398-37 5399-15 5400-12 5401-9 5402-20 5403-18 5404-6 5405-30 5406-45 5407-5 5408-15 5409-20 5410-36 5411-37 5412-30 5413-8 5415-17 5416-46 5417-34 5418-26 5419-38 5420-26 5421-29 5422-8 5423-3 5424-8 5425-33 5426-38 5427-21 5428-13 5429-13 5430-37 5431-38 5432-20 5433-13 5434-38 5435-3 5436-35 5437-27 5438-23 5440-33 5441-27 5442-6 5443-44 5444-28 5445-16 5446-23 5447-2 5448-26 5449-31 5450-31 5451-21 5452-37 5453-41 5454-28 5455-43 5456-45 5457-28 5458-38 5460-3 5461-22 5462-31 5463-11 5464-25 5465-23 5466-22 5467-51 5468-30 5469-36 5470-28 5471-37 5472-43 5473-19 5474-13 5476-27 5477-7 5478-19 5479-11 5480-43 5481-22 5482-20 5483-13 5485-17 5486-25 5487-40 5488-13 5489-3 5490-47 5491-12 5492-31 5493-21 5494-42 5495-23 5496-50 5497-33 5498-20 5499-35 5500-16 5501-28 5502-9 5503-10 5504-26 5506-43 5507-46 5508-2 5509-30 5510-29 5511-36 5512-53 5513-4 5514-40 5516-19 5517-22 5518-43 5519-15 5520-47 5521-37 5522-24 5523-9 5524-38 5525-5 5526-7 5527-24 5528-46 5529-20 5530-13 5531-48 5532-35 5533-39 5534-49 5535-26 5536-7 5537-9 5538-27 5539-34 5540-11 5541-2 5542-19 5543-7 5544-41 5545-43 5546-5 5548-37 5549-6 5550-49 5551-24 5552-10 5553-29 5554-36 5555-42 5556-28 5557-38 5558-37 5560-14 5561-20 5562-26 5563-45 5564-6 5565-4 5566-17 5567-35 5568-39 5569-15 5570-2 5571-9 5572-16 5573-2 5574-9 5575-36 5576-6 5578-37 5579-41 5580-36 5581-12 5582-21 5583-29 5584-29 5585-14 5586-13 5587-49 5588-18 5589-24 5590-36 5591-27 5593-33 5594-43 5595-35 5596-36 5597-34 5598-1 5599-10 5600-9 5602-21 5603-34 5604-19 5605-14 5606-32 5607-9 5608-24 5609-36 5610-22 5611-4 5612-37 5613-40 5614-2 5615-33 5616-9 5617-40 5619-15 5620-24 5621-5 5622-5 5623-37 5624-44 5625-12 5626-37 5627-30 5629-12 5630-25 5631-3 5632-35 5633-35 5634-8 5635-49 5636-21 5637-34 5638-6 5639-47 5640-15 5641-14 5642-22 5643-28 5644-20 5645-49 5646-40 5649-22 5650-36 5651-36 5652-13 5653-11 5654-39 5655-16 5656-20 5657-15 5658-40 5659-3 5660-7 5661-1 5662-6 5663-35 5664-9 5665-8 5666-19 5667-2 5668-26 5669-5 5670-36 5671-18 5673-18 5674-26 5675-30 5676-23 5677-7 5679-7 5680-2 5681-7 5682-9 5683-7 5684-29 5685-40 5686-20 5687-37 5688-28 5689-30 5690-40 5691-27 5692-11 5693-33 5694-22 5695-8 5696-31 5697-43 5698-2 5699-51 5700-52 5701-44 5702-28 5703-37 5704-46 5705-34 5706-44 5707-36 5708-31 5709-22 5710-44 5712-33 5713-37 5714-43 5715-35 5716-16 5717-26 5718-45 5720-26 5721-29 5722-17 5723-18 5724-43 5725-50 5726-27 5727-32 5728-21 5729-6 5730-30 5731-23 5732-15 5733-49 5734-27 5735-9 5736-33 5737-43 5738-26 5739-4 5740-21 5741-15 5742-48 5743-6 5744-8 5746-35 5747-29 5748-47 5750-38 5751-23 5752-36 5753-13 5754-3 5755-30 5756-51 5757-44 5758-16 5759-40 5760-50 5761-42 5762-36 5763-14 5764-12 5765-9 5766-21 5767-47 5768-42 5769-26 5770-9 5771-43 5772-52 5773-45 5774-14 5775-32 5776-20 5778-7 5779-41 5780-47 5782-34 5783-16 5784-29 5785-32 5786-35 5787-51 5788-34 5789-48 5790-4 5791-17 5792-31 5793-48 5794-28 5795-23 5796-47 5797-27 5798-2 5799-23 5800-23 5802-44 5803-32 5804-38 5805-46 5806-45 5807-27 5808-5 5810-5 5811-39 5812-1 5813-19 5814-28 5815-12 5816-4 5817-42 5818-28 5819-16 5820-28 5821-39 5822-30 5823-41 5824-31 5825-15 5826-45 5827-12 5828-36 5829-25 5830-24 5831-26 5832-29 5833-16 5835-31 5836-18 5837-7 5838-21 5839-22 5840-23 5841-16 5842-32 5843-27 5845-41 5846-15 5847-18 5848-1 5849-3 5850-32 5851-40 5852-21 5853-2 5854-32 5855-19 5856-34 5857-39 5858-22 5859-15 5860-16 5861-31 5862-8 5863-24 5864-31 5865-29 5866-3 5867-28 5868-12 5869-30 5870-14 5871-28 5872-9 5873-33 5874-7 5875-33 5876-33 5878-21 5879-39 5880-29 5881-31 5882-8 5883-30 5884-12 5885-40 5886-32 5887-13 5888-20 5889-30 5890-32 5892-20 5893-9 5894-47 5895-45 5896-10 5897-38 5898-27 5899-44 5900-29 5901-8 5902-16 5903-52 5904-9 5905-52 5906-36 5907-41 5909-4 5910-13 5911-13 5912-47 5913-30 5914-39 5915-5 5916-11 5917-10 5918-40 5919-3 5920-43 5921-28 5922-25 5923-12 5924-44 5925-13 5926-35 5927-40 5928-43 5929-47 5930-40 5931-30 5932-22 5933-6 5934-13 5935-40 5936-2 5937-20 5938-8 5939-21 5940-4 5942-4 5943-20 5944-3 5945-28 5946-34 5947-39 5948-39 5949-14 5950-19 5951-45 5953-27 5954-43 5955-47 5956-45 5957-11 5958-33 5959-47 5960-41 5961-17 5962-15 5963-6 5964-20 5965-12 5966-9 5967-8 5968-42 5969-21 5970-4 5971-41 5972-34 5973-51 5975-32 5977-43 5978-45 5979-31 5980-49 5981-14 5982-46 5983-10 5984-46 5985-24 5986-48 5987-41 5988-6 5989-7 5990-30 5991-48 5992-49 5993-42 5994-25 5995-35 5996-15 5997-50 5998-3 5999-12 6001-49 6002-25 6003-37 6004-34 6005-43 6006-25 6007-29 6008-36 6009-16 6010-22 6011-53 6012-43 6013-6 6014-17 6015-6 6016-6 6017-17 6018-54 6019-48 6021-12 6022-2 6023-6 6024-3 6025-46 6026-16 6027-20 6029-7 6030-9 6031-36 6032-37 6033-8 6034-35 6035-5 6036-30 6037-24 6038-25 6039-12 6040-47 6041-46 6042-4 6043-38 6044-22 6045-36 6046-3 6047-15 6048-17 6049-38 6050-50 6051-34 6052-40 6053-9 6054-11 6055-18 6056-36 6057-44 6058-45 6059-41 6060-38 6062-25 6063-35 6064-40 6065-29 6066-5 6067-20 6068-43 6069-42 6070-45 6071-35 6072-6 6073-38 6074-35 6075-46 6076-49 6077-46 6078-3 6079-27 6080-37 6081-22 6082-4 6083-43 6084-6 6085-10 6086-50 6087-38 6089-17 6090-8 6091-8 6092-40 6093-38 6094-17 6095-34 6096-33 6097-23 6098-4 6099-26 6100-41 6101-20 6102-6 6103-46 6104-15 6105-46 6106-31 6107-3 6108-14 6109-30 6110-40 6112-44 6113-3 6114-46 6115-28 6116-11 6117-29 6118-36 6119-11 6120-25 6121-33 6122-46 6123-26 6124-42 6125-10 6126-44 6127-18 6128-11 6129-13 6131-39 6132-25 6133-18 6134-45 6135-7 6136-48 6137-30 6138-29 6139-4 6140-36 6141-20 6142-38 6143-13 6144-22 6145-18 6146-41 6147-5 6148-35 6149-35 6150-2 6151-19 6152-41 6153-8 6156-41 6157-23 6158-36 6159-10 6160-21 6161-26 6162-15 6163-43 6165-46 6166-13 6167-10 6168-34 6169-3 6170-1 6171-16 6172-15 6173-30 6174-13 6175-33 6176-9 6177-43 6178-31 6179-29 6180-6 6181-20 6182-29 6183-18 6184-41 6185-45 6187-20 6188-3 6189-16 6190-25 6192-23 6193-25 6194-44 6195-13 6196-19 6197-43 6198-28 6199-15 6200-13 6201-37 6202-35 6203-31 6204-35 6205-3 6206-36 6207-19 6208-2 6209-12 6210-38 6211-40 6212-11 6213-6 6214-42 6215-27 6216-32 6217-45 6218-16 6219-2 6220-24 6221-2 6222-32 6224-39 6225-24 6226-15 6227-3 6228-44 6229-14 6230-49 6231-48 6232-42 6233-44 6234-46 6235-30 6236-44 6237-40 6238-43 6240-13 6241-43 6242-13 6243-2 6244-41 6245-20 6246-40 6247-37 6248-24 6250-45 6251-46 6252-5 6253-46 6254-8 6255-48 6256-42 6257-20 6258-30 6260-30 6261-26 6262-49 6263-45 6264-24 6265-4 6266-29 6267-4 6268-19 6269-32 6270-12 6271-28 6272-14 6273-10 6274-28 6275-10 6276-20 6277-12 6278-36 6280-42 6281-33 6282-28 6283-27 6284-28 6285-45 6286-4 6287-2 6288-28 6289-46 6290-4 6292-38 6293-45 6294-44 6295-35 6296-31 6297-29 6298-12 6299-28 6300-49 6301-3 6302-25 6303-35 6306-13 6307-52 6308-11 6309-39 6310-20 6311-35 6312-38 6313-48 6314-19 6315-45 6316-7 6317-20 6318-42 6319-10 6320-22 6321-12 6322-19 6323-4 6324-7 6325-34 6326-14 6327-27 6328-3 6330-35 6331-33 6333-29 6334-27 6335-21 6336-20 6338-42 6339-17 6340-8 6341-13 6342-18 6343-39 6344-42 6345-46 6346-50 6347-39 6348-35 6349-13 6350-25 6351-46 6352-13 6353-30 6354-43 6355-25 6356-30 6357-19 6359-2 6360-35 6361-3 6362-37 6363-27 6364-22 6365-37 6366-38 6367-13 6368-31 6369-34 6370-46 6371-24 6372-25 6373-24 6374-11 6375-47 6376-51 6377-22 6378-7 6379-30 6380-26 6381-42 6382-37 6383-1 6384-37 6385-39 6387-16 6388-26 6389-44 6391-33 6392-40 6393-8 6394-35 6395-21 6396-31 6397-38 6398-24 6399-25 6400-30 6401-42 6403-6 6404-39 6405-25 6406-37 6407-14 6408-39 6409-51 6410-14 6411-29 6412-30 6413-8 6414-13 6415-52 6416-46 6417-24 6418-20 6419-18 6420-32 6421-37 6422-28 6423-2 6424-30 6425-20 6427-7 6428-6 6429-38 6430-41 6431-28 6432-45 6433-25

*****************************************************************
Game Over, thank you for playing.
